{
 "cells": [
  {
   "cell_type": "code",
   "execution_count": 126,
   "metadata": {
    "scrolled": true
   },
   "outputs": [
    {
     "name": "stdout",
     "output_type": "stream",
     "text": [
      "       광역시도  hannara_rate  minju_rate  gita_rate\n",
      "0       강원도      0.439666    0.523703   0.036631\n",
      "1       경기도      0.500906    0.458654   0.040440\n",
      "2      경상남도      0.455566    0.000000   0.544434\n",
      "3      경상북도      0.724908    0.113714   0.161378\n",
      "4     광주광역시      0.140573    0.560488   0.298939\n",
      "5     대구광역시      0.714552    0.165296   0.120152\n",
      "6     대전광역시      0.282589    0.230861   0.486550\n",
      "7     부산광역시      0.546410    0.439369   0.014221\n",
      "8     서울특별시      0.471315    0.465348   0.063337\n",
      "9     울산광역시      0.604673    0.288760   0.106567\n",
      "10    인천광역시      0.439410    0.521722   0.038868\n",
      "11     전라남도      0.127720    0.651255   0.221025\n",
      "12     전라북도      0.176454    0.665778   0.157768\n",
      "13  제주특별자치도      0.000000    0.392471   0.607529\n",
      "14     충청남도      0.171559    0.407255   0.421186\n",
      "15     충청북도      0.450386    0.502465   0.047149 \n",
      "\n",
      "       광역시도  minju_rate  saenuri_rate  gita_rate\n",
      "0       강원도    0.488045      0.472511   0.039444\n",
      "1       경기도    0.480870      0.490100   0.029030\n",
      "2      경상남도    0.351876      0.574434   0.073691\n",
      "3      경상북도    0.144193      0.750605   0.105202\n",
      "4     광주광역시    0.564921      0.033252   0.401827\n",
      "5     대구광역시    0.397944      0.552113   0.049943\n",
      "6     대전광역시    0.494525      0.461778   0.043697\n",
      "7     부산광역시    0.000000      0.489775   0.510225\n",
      "8     서울특별시    0.556118      0.426331   0.017551\n",
      "9   세종특별자치시    0.568970      0.415707   0.015323\n",
      "10    울산광역시    0.000000      0.598403   0.401597\n",
      "11    인천광역시    0.476942      0.494235   0.028823\n",
      "12     전라남도    0.731359      0.096135   0.172506\n",
      "13     전라북도    0.662649      0.200602   0.136748\n",
      "14  제주특별자치도    0.339193      0.589088   0.071720\n",
      "15     충청남도    0.508613      0.428195   0.063192\n",
      "16     충청북도    0.487302      0.467111   0.045587 \n",
      "\n",
      "       광역시도  minju_rate  hanguk_rate  gita_rate\n",
      "0       강원도    0.632875     0.344798   0.022327\n",
      "1       경기도    0.553927     0.348800   0.097273\n",
      "2      경상남도    0.517476     0.420915   0.061609\n",
      "3      경상북도    0.331081     0.502755   0.166164\n",
      "4     광주광역시    0.826782     0.049675   0.123543\n",
      "5     대구광역시    0.390788     0.528172   0.081040\n",
      "6     대전광역시    0.556384     0.317272   0.126344\n",
      "7     부산광역시    0.544352     0.366274   0.089373\n",
      "8     서울특별시    0.521906     0.230816   0.247278\n",
      "9   세종특별자치시    0.704171     0.178383   0.117447\n",
      "10    울산광역시    0.519637     0.393771   0.086593\n",
      "11    인천광역시    0.567931     0.349079   0.082990\n",
      "12     전라남도    0.739765     0.036889   0.223346\n",
      "13     전라북도    0.684435     0.026467   0.289099\n",
      "14  제주특별자치도    0.392944     0.032031   0.575025\n",
      "15     충청남도    0.608900     0.341666   0.049434\n",
      "16     충청북도    0.599182     0.290638   0.110179\n"
     ]
    }
   ],
   "source": [
    "import pandas as pd\n",
    "\n",
    "aligned_result_r5 = pd.read_csv('./round05_election_result_aligned.csv')\n",
    "aligned_result_r5_df = pd.DataFrame(aligned_result_r5, columns=['광역시도', 'hannara_rate', 'minju_rate', 'gita_rate'])\n",
    "aligned_result_r6 = pd.read_csv('./round06_election_result_aligned.csv')\n",
    "aligned_result_r6_df = pd.DataFrame(aligned_result_r6, columns=['광역시도', 'minju_rate', 'saenuri_rate', 'gita_rate'])\n",
    "aligned_result_r7 = pd.read_csv('./round07_election_result_aligned.csv')\n",
    "aligned_result_r7_df = pd.DataFrame(aligned_result_r7, columns=['광역시도', 'minju_rate', 'hanguk_rate', 'gita_rate'])\n",
    "\n",
    "print(aligned_result_r5_df, '\\n')\n",
    "print(aligned_result_r6_df, '\\n')\n",
    "print(aligned_result_r7_df)"
   ]
  },
  {
   "cell_type": "code",
   "execution_count": 127,
   "metadata": {
    "scrolled": true
   },
   "outputs": [
    {
     "data": {
      "text/html": [
       "<div>\n",
       "<style scoped>\n",
       "    .dataframe tbody tr th:only-of-type {\n",
       "        vertical-align: middle;\n",
       "    }\n",
       "\n",
       "    .dataframe tbody tr th {\n",
       "        vertical-align: top;\n",
       "    }\n",
       "\n",
       "    .dataframe thead th {\n",
       "        text-align: right;\n",
       "    }\n",
       "</style>\n",
       "<table border=\"1\" class=\"dataframe\">\n",
       "  <thead>\n",
       "    <tr style=\"text-align: right;\">\n",
       "      <th></th>\n",
       "      <th>jinbo_1dang</th>\n",
       "      <th>bosu_1dang</th>\n",
       "      <th>gita_dang</th>\n",
       "    </tr>\n",
       "  </thead>\n",
       "  <tbody>\n",
       "    <tr>\n",
       "      <th>2010_Gangwon</th>\n",
       "      <td>0.439666</td>\n",
       "      <td>0.523703</td>\n",
       "      <td>0.036631</td>\n",
       "    </tr>\n",
       "    <tr>\n",
       "      <th>2010_Gyeonggi</th>\n",
       "      <td>0.500906</td>\n",
       "      <td>0.458654</td>\n",
       "      <td>0.040440</td>\n",
       "    </tr>\n",
       "    <tr>\n",
       "      <th>2010_Gyeongnam</th>\n",
       "      <td>0.455566</td>\n",
       "      <td>0.000000</td>\n",
       "      <td>0.544434</td>\n",
       "    </tr>\n",
       "    <tr>\n",
       "      <th>2010_Gyeongbuk</th>\n",
       "      <td>0.724908</td>\n",
       "      <td>0.113714</td>\n",
       "      <td>0.161378</td>\n",
       "    </tr>\n",
       "    <tr>\n",
       "      <th>2010_Gwangju</th>\n",
       "      <td>0.140573</td>\n",
       "      <td>0.560488</td>\n",
       "      <td>0.298939</td>\n",
       "    </tr>\n",
       "    <tr>\n",
       "      <th>2010_Daegu</th>\n",
       "      <td>0.714552</td>\n",
       "      <td>0.165296</td>\n",
       "      <td>0.120152</td>\n",
       "    </tr>\n",
       "    <tr>\n",
       "      <th>2010_Daejeon</th>\n",
       "      <td>0.282589</td>\n",
       "      <td>0.230861</td>\n",
       "      <td>0.486550</td>\n",
       "    </tr>\n",
       "    <tr>\n",
       "      <th>2010_Busan</th>\n",
       "      <td>0.546410</td>\n",
       "      <td>0.439369</td>\n",
       "      <td>0.014221</td>\n",
       "    </tr>\n",
       "    <tr>\n",
       "      <th>2010_Seoul</th>\n",
       "      <td>0.471315</td>\n",
       "      <td>0.465348</td>\n",
       "      <td>0.063337</td>\n",
       "    </tr>\n",
       "    <tr>\n",
       "      <th>2010_Ulsan</th>\n",
       "      <td>0.604673</td>\n",
       "      <td>0.288760</td>\n",
       "      <td>0.106567</td>\n",
       "    </tr>\n",
       "    <tr>\n",
       "      <th>2010_Incheon</th>\n",
       "      <td>0.439410</td>\n",
       "      <td>0.521722</td>\n",
       "      <td>0.038868</td>\n",
       "    </tr>\n",
       "    <tr>\n",
       "      <th>2010_Jeonnam</th>\n",
       "      <td>0.127720</td>\n",
       "      <td>0.651255</td>\n",
       "      <td>0.221025</td>\n",
       "    </tr>\n",
       "    <tr>\n",
       "      <th>2010_Jeonbuk</th>\n",
       "      <td>0.176454</td>\n",
       "      <td>0.665778</td>\n",
       "      <td>0.157768</td>\n",
       "    </tr>\n",
       "    <tr>\n",
       "      <th>2010_Jeju</th>\n",
       "      <td>0.000000</td>\n",
       "      <td>0.392471</td>\n",
       "      <td>0.607529</td>\n",
       "    </tr>\n",
       "    <tr>\n",
       "      <th>2010_Chungnam</th>\n",
       "      <td>0.171559</td>\n",
       "      <td>0.407255</td>\n",
       "      <td>0.421186</td>\n",
       "    </tr>\n",
       "    <tr>\n",
       "      <th>2010_Chungbuk</th>\n",
       "      <td>0.450386</td>\n",
       "      <td>0.502465</td>\n",
       "      <td>0.047149</td>\n",
       "    </tr>\n",
       "    <tr>\n",
       "      <th>2014_Gangwon</th>\n",
       "      <td>0.488045</td>\n",
       "      <td>0.472511</td>\n",
       "      <td>0.039444</td>\n",
       "    </tr>\n",
       "    <tr>\n",
       "      <th>2014_Gyeonggi</th>\n",
       "      <td>0.480870</td>\n",
       "      <td>0.490100</td>\n",
       "      <td>0.029030</td>\n",
       "    </tr>\n",
       "    <tr>\n",
       "      <th>2014_Gyeongnam</th>\n",
       "      <td>0.351876</td>\n",
       "      <td>0.574434</td>\n",
       "      <td>0.073691</td>\n",
       "    </tr>\n",
       "    <tr>\n",
       "      <th>2014_Gyeongbuk</th>\n",
       "      <td>0.144193</td>\n",
       "      <td>0.750605</td>\n",
       "      <td>0.105202</td>\n",
       "    </tr>\n",
       "    <tr>\n",
       "      <th>2014_Gwangju</th>\n",
       "      <td>0.564921</td>\n",
       "      <td>0.033252</td>\n",
       "      <td>0.401827</td>\n",
       "    </tr>\n",
       "    <tr>\n",
       "      <th>2014_Daegu</th>\n",
       "      <td>0.397944</td>\n",
       "      <td>0.552113</td>\n",
       "      <td>0.049943</td>\n",
       "    </tr>\n",
       "    <tr>\n",
       "      <th>2014_Daejeon</th>\n",
       "      <td>0.494525</td>\n",
       "      <td>0.461778</td>\n",
       "      <td>0.043697</td>\n",
       "    </tr>\n",
       "    <tr>\n",
       "      <th>2014_Busan</th>\n",
       "      <td>0.000000</td>\n",
       "      <td>0.489775</td>\n",
       "      <td>0.510225</td>\n",
       "    </tr>\n",
       "    <tr>\n",
       "      <th>2014_Seoul</th>\n",
       "      <td>0.556118</td>\n",
       "      <td>0.426331</td>\n",
       "      <td>0.017551</td>\n",
       "    </tr>\n",
       "    <tr>\n",
       "      <th>2014_Sejong</th>\n",
       "      <td>0.568970</td>\n",
       "      <td>0.415707</td>\n",
       "      <td>0.015323</td>\n",
       "    </tr>\n",
       "    <tr>\n",
       "      <th>2014_Ulsan</th>\n",
       "      <td>0.000000</td>\n",
       "      <td>0.598403</td>\n",
       "      <td>0.401597</td>\n",
       "    </tr>\n",
       "    <tr>\n",
       "      <th>2014_Incheon</th>\n",
       "      <td>0.476942</td>\n",
       "      <td>0.494235</td>\n",
       "      <td>0.028823</td>\n",
       "    </tr>\n",
       "    <tr>\n",
       "      <th>2014_Jeonnam</th>\n",
       "      <td>0.731359</td>\n",
       "      <td>0.096135</td>\n",
       "      <td>0.172506</td>\n",
       "    </tr>\n",
       "    <tr>\n",
       "      <th>2014_Jeonbuk</th>\n",
       "      <td>0.662649</td>\n",
       "      <td>0.200602</td>\n",
       "      <td>0.136748</td>\n",
       "    </tr>\n",
       "    <tr>\n",
       "      <th>2014_Jeju</th>\n",
       "      <td>0.339193</td>\n",
       "      <td>0.589088</td>\n",
       "      <td>0.071720</td>\n",
       "    </tr>\n",
       "    <tr>\n",
       "      <th>2014_Chungnam</th>\n",
       "      <td>0.508613</td>\n",
       "      <td>0.428195</td>\n",
       "      <td>0.063192</td>\n",
       "    </tr>\n",
       "    <tr>\n",
       "      <th>2014_Chungbuk</th>\n",
       "      <td>0.487302</td>\n",
       "      <td>0.467111</td>\n",
       "      <td>0.045587</td>\n",
       "    </tr>\n",
       "    <tr>\n",
       "      <th>2018_Gangwon</th>\n",
       "      <td>0.632875</td>\n",
       "      <td>0.344798</td>\n",
       "      <td>0.022327</td>\n",
       "    </tr>\n",
       "    <tr>\n",
       "      <th>2018_Gyeonggi</th>\n",
       "      <td>0.553927</td>\n",
       "      <td>0.348800</td>\n",
       "      <td>0.097273</td>\n",
       "    </tr>\n",
       "    <tr>\n",
       "      <th>2018_Gyeongnam</th>\n",
       "      <td>0.517476</td>\n",
       "      <td>0.420915</td>\n",
       "      <td>0.061609</td>\n",
       "    </tr>\n",
       "    <tr>\n",
       "      <th>2018_Gyeongbuk</th>\n",
       "      <td>0.331081</td>\n",
       "      <td>0.502755</td>\n",
       "      <td>0.166164</td>\n",
       "    </tr>\n",
       "    <tr>\n",
       "      <th>2018_Gwangju</th>\n",
       "      <td>0.826782</td>\n",
       "      <td>0.049675</td>\n",
       "      <td>0.123543</td>\n",
       "    </tr>\n",
       "    <tr>\n",
       "      <th>2018_Daegu</th>\n",
       "      <td>0.390788</td>\n",
       "      <td>0.528172</td>\n",
       "      <td>0.081040</td>\n",
       "    </tr>\n",
       "    <tr>\n",
       "      <th>2018_Daejeon</th>\n",
       "      <td>0.556384</td>\n",
       "      <td>0.317272</td>\n",
       "      <td>0.126344</td>\n",
       "    </tr>\n",
       "    <tr>\n",
       "      <th>2018_Busan</th>\n",
       "      <td>0.544352</td>\n",
       "      <td>0.366274</td>\n",
       "      <td>0.089373</td>\n",
       "    </tr>\n",
       "    <tr>\n",
       "      <th>2018_Seoul</th>\n",
       "      <td>0.521906</td>\n",
       "      <td>0.230816</td>\n",
       "      <td>0.247278</td>\n",
       "    </tr>\n",
       "    <tr>\n",
       "      <th>2018_Sejong</th>\n",
       "      <td>0.704171</td>\n",
       "      <td>0.178383</td>\n",
       "      <td>0.117447</td>\n",
       "    </tr>\n",
       "    <tr>\n",
       "      <th>2018_Ulsan</th>\n",
       "      <td>0.519637</td>\n",
       "      <td>0.393771</td>\n",
       "      <td>0.086593</td>\n",
       "    </tr>\n",
       "    <tr>\n",
       "      <th>2018_Incheon</th>\n",
       "      <td>0.567931</td>\n",
       "      <td>0.349079</td>\n",
       "      <td>0.082990</td>\n",
       "    </tr>\n",
       "    <tr>\n",
       "      <th>2018_Jeonnam</th>\n",
       "      <td>0.739765</td>\n",
       "      <td>0.036889</td>\n",
       "      <td>0.223346</td>\n",
       "    </tr>\n",
       "    <tr>\n",
       "      <th>2018_Jeonbuk</th>\n",
       "      <td>0.684435</td>\n",
       "      <td>0.026467</td>\n",
       "      <td>0.289099</td>\n",
       "    </tr>\n",
       "    <tr>\n",
       "      <th>2018_Jeju</th>\n",
       "      <td>0.392944</td>\n",
       "      <td>0.032031</td>\n",
       "      <td>0.575025</td>\n",
       "    </tr>\n",
       "    <tr>\n",
       "      <th>2018_Chungnam</th>\n",
       "      <td>0.608900</td>\n",
       "      <td>0.341666</td>\n",
       "      <td>0.049434</td>\n",
       "    </tr>\n",
       "    <tr>\n",
       "      <th>2018_Chungbuk</th>\n",
       "      <td>0.599182</td>\n",
       "      <td>0.290638</td>\n",
       "      <td>0.110179</td>\n",
       "    </tr>\n",
       "  </tbody>\n",
       "</table>\n",
       "</div>"
      ],
      "text/plain": [
       "                jinbo_1dang  bosu_1dang  gita_dang\n",
       "2010_Gangwon       0.439666    0.523703   0.036631\n",
       "2010_Gyeonggi      0.500906    0.458654   0.040440\n",
       "2010_Gyeongnam     0.455566    0.000000   0.544434\n",
       "2010_Gyeongbuk     0.724908    0.113714   0.161378\n",
       "2010_Gwangju       0.140573    0.560488   0.298939\n",
       "2010_Daegu         0.714552    0.165296   0.120152\n",
       "2010_Daejeon       0.282589    0.230861   0.486550\n",
       "2010_Busan         0.546410    0.439369   0.014221\n",
       "2010_Seoul         0.471315    0.465348   0.063337\n",
       "2010_Ulsan         0.604673    0.288760   0.106567\n",
       "2010_Incheon       0.439410    0.521722   0.038868\n",
       "2010_Jeonnam       0.127720    0.651255   0.221025\n",
       "2010_Jeonbuk       0.176454    0.665778   0.157768\n",
       "2010_Jeju          0.000000    0.392471   0.607529\n",
       "2010_Chungnam      0.171559    0.407255   0.421186\n",
       "2010_Chungbuk      0.450386    0.502465   0.047149\n",
       "2014_Gangwon       0.488045    0.472511   0.039444\n",
       "2014_Gyeonggi      0.480870    0.490100   0.029030\n",
       "2014_Gyeongnam     0.351876    0.574434   0.073691\n",
       "2014_Gyeongbuk     0.144193    0.750605   0.105202\n",
       "2014_Gwangju       0.564921    0.033252   0.401827\n",
       "2014_Daegu         0.397944    0.552113   0.049943\n",
       "2014_Daejeon       0.494525    0.461778   0.043697\n",
       "2014_Busan         0.000000    0.489775   0.510225\n",
       "2014_Seoul         0.556118    0.426331   0.017551\n",
       "2014_Sejong        0.568970    0.415707   0.015323\n",
       "2014_Ulsan         0.000000    0.598403   0.401597\n",
       "2014_Incheon       0.476942    0.494235   0.028823\n",
       "2014_Jeonnam       0.731359    0.096135   0.172506\n",
       "2014_Jeonbuk       0.662649    0.200602   0.136748\n",
       "2014_Jeju          0.339193    0.589088   0.071720\n",
       "2014_Chungnam      0.508613    0.428195   0.063192\n",
       "2014_Chungbuk      0.487302    0.467111   0.045587\n",
       "2018_Gangwon       0.632875    0.344798   0.022327\n",
       "2018_Gyeonggi      0.553927    0.348800   0.097273\n",
       "2018_Gyeongnam     0.517476    0.420915   0.061609\n",
       "2018_Gyeongbuk     0.331081    0.502755   0.166164\n",
       "2018_Gwangju       0.826782    0.049675   0.123543\n",
       "2018_Daegu         0.390788    0.528172   0.081040\n",
       "2018_Daejeon       0.556384    0.317272   0.126344\n",
       "2018_Busan         0.544352    0.366274   0.089373\n",
       "2018_Seoul         0.521906    0.230816   0.247278\n",
       "2018_Sejong        0.704171    0.178383   0.117447\n",
       "2018_Ulsan         0.519637    0.393771   0.086593\n",
       "2018_Incheon       0.567931    0.349079   0.082990\n",
       "2018_Jeonnam       0.739765    0.036889   0.223346\n",
       "2018_Jeonbuk       0.684435    0.026467   0.289099\n",
       "2018_Jeju          0.392944    0.032031   0.575025\n",
       "2018_Chungnam      0.608900    0.341666   0.049434\n",
       "2018_Chungbuk      0.599182    0.290638   0.110179"
      ]
     },
     "execution_count": 127,
     "metadata": {},
     "output_type": "execute_result"
    }
   ],
   "source": [
    "rnd_list = ['2010', '2014', '2018']\n",
    "party_list = ['jinbo_1dang', 'bosu_1dang', 'gita_dang']\n",
    "province_list = ['Gangwon', 'Gyeonggi', 'Gyeongnam', 'Gyeongbuk', 'Gwangju', 'Daegu',\n",
    "           'Daejeon', 'Busan', 'Seoul', 'Sejong', 'Ulsan', 'Incheon', 'Jeonnam', \n",
    "            'Jeonbuk', 'Jeju', 'Chungnam', 'Chungbuk']\n",
    "\n",
    "province_old_list = province_list.copy()\n",
    "province_old_list.remove('Sejong')\n",
    "\n",
    "final_row_list = []\n",
    "for i in rnd_list:\n",
    "    if(i == '2010'):\n",
    "        p_list = province_old_list\n",
    "    else:\n",
    "        p_list = province_list\n",
    "\n",
    "    for j in p_list:\n",
    "        final_row_list.append(i + '_' + j)\n",
    "  \n",
    "# print(len(final_row_list))\n",
    "\n",
    "arr_r5 = aligned_result_r5_df.values.copy()\n",
    "arr_r5_list = []\n",
    "for i in range(16):\n",
    "        dang_list = [arr_r5[i][j] for j in range(4) if j%4 != 0]\n",
    "        arr_r5_list.append(dang_list)\n",
    "arr_r5_list_df = pd.DataFrame(arr_r5_list)\n",
    "# print(arr_r5_list_df, '\\n')\n",
    "\n",
    "arr_r6 = aligned_result_r6_df.values.copy()\n",
    "arr_r6_list = []\n",
    "for i in range(17):\n",
    "        dang_list = [arr_r6[i][j] for j in range(4) if j%4 != 0]\n",
    "        arr_r6_list.append(dang_list)\n",
    "arr_r6_list_df = pd.DataFrame(arr_r6_list)\n",
    "# print(arr_r6_list_df, '\\n')\n",
    "\n",
    "arr_r7 = aligned_result_r7_df.values.copy()\n",
    "arr_r7_list = []\n",
    "for i in range(17):\n",
    "        dang_list = [arr_r7[i][j] for j in range(4) if j%4 != 0]\n",
    "        arr_r7_list.append(dang_list)\n",
    "arr_r7_list_df = pd.DataFrame(arr_r7_list)\n",
    "# print(arr_r7_list_df, '\\n')\n",
    "\n",
    "final_row_value_df = pd.concat([arr_r5_list_df, arr_r6_list_df, arr_r7_list_df])\n",
    "final_row_value_df.index = final_row_list\n",
    "final_row_value_df.columns = party_list\n",
    "final_row_value_df"
   ]
  },
  {
   "cell_type": "code",
   "execution_count": 128,
   "metadata": {
    "scrolled": true
   },
   "outputs": [
    {
     "data": {
      "text/html": [
       "<div>\n",
       "<style scoped>\n",
       "    .dataframe tbody tr th:only-of-type {\n",
       "        vertical-align: middle;\n",
       "    }\n",
       "\n",
       "    .dataframe tbody tr th {\n",
       "        vertical-align: top;\n",
       "    }\n",
       "\n",
       "    .dataframe thead th {\n",
       "        text-align: right;\n",
       "    }\n",
       "</style>\n",
       "<table border=\"1\" class=\"dataframe\">\n",
       "  <thead>\n",
       "    <tr style=\"text-align: right;\">\n",
       "      <th></th>\n",
       "      <th>2010_Gangwon</th>\n",
       "      <th>2010_Gyeonggi</th>\n",
       "      <th>2010_Gyeongnam</th>\n",
       "      <th>2010_Gyeongbuk</th>\n",
       "      <th>2010_Gwangju</th>\n",
       "      <th>2010_Daegu</th>\n",
       "      <th>2010_Daejeon</th>\n",
       "      <th>2010_Busan</th>\n",
       "      <th>2010_Seoul</th>\n",
       "      <th>2010_Ulsan</th>\n",
       "      <th>...</th>\n",
       "      <th>2018_Busan</th>\n",
       "      <th>2018_Seoul</th>\n",
       "      <th>2018_Sejong</th>\n",
       "      <th>2018_Ulsan</th>\n",
       "      <th>2018_Incheon</th>\n",
       "      <th>2018_Jeonnam</th>\n",
       "      <th>2018_Jeonbuk</th>\n",
       "      <th>2018_Jeju</th>\n",
       "      <th>2018_Chungnam</th>\n",
       "      <th>2018_Chungbuk</th>\n",
       "    </tr>\n",
       "  </thead>\n",
       "  <tbody>\n",
       "    <tr>\n",
       "      <th>2010_Gangwon</th>\n",
       "      <td>0.000000</td>\n",
       "      <td>0.008495</td>\n",
       "      <td>6.545505</td>\n",
       "      <td>0.476881</td>\n",
       "      <td>0.447112</td>\n",
       "      <td>0.323009</td>\n",
       "      <td>0.736496</td>\n",
       "      <td>0.029606</td>\n",
       "      <td>0.011859</td>\n",
       "      <td>0.133567</td>\n",
       "      <td>...</td>\n",
       "      <td>0.062845</td>\n",
       "      <td>0.328161</td>\n",
       "      <td>0.295324</td>\n",
       "      <td>0.046699</td>\n",
       "      <td>0.070790</td>\n",
       "      <td>0.892607</td>\n",
       "      <td>1.057084</td>\n",
       "      <td>1.430786</td>\n",
       "      <td>0.068347</td>\n",
       "      <td>0.133805</td>\n",
       "    </tr>\n",
       "    <tr>\n",
       "      <th>2010_Gyeonggi</th>\n",
       "      <td>0.008495</td>\n",
       "      <td>0.000000</td>\n",
       "      <td>5.759025</td>\n",
       "      <td>0.365612</td>\n",
       "      <td>0.497696</td>\n",
       "      <td>0.231043</td>\n",
       "      <td>0.695525</td>\n",
       "      <td>0.016093</td>\n",
       "      <td>0.006086</td>\n",
       "      <td>0.081110</td>\n",
       "      <td>...</td>\n",
       "      <td>0.031598</td>\n",
       "      <td>0.265917</td>\n",
       "      <td>0.208006</td>\n",
       "      <td>0.022862</td>\n",
       "      <td>0.034460</td>\n",
       "      <td>0.734355</td>\n",
       "      <td>0.889585</td>\n",
       "      <td>1.290405</td>\n",
       "      <td>0.028670</td>\n",
       "      <td>0.082078</td>\n",
       "    </tr>\n",
       "    <tr>\n",
       "      <th>2010_Gyeongnam</th>\n",
       "      <td>6.545505</td>\n",
       "      <td>5.759025</td>\n",
       "      <td>0.000000</td>\n",
       "      <td>1.481023</td>\n",
       "      <td>6.549381</td>\n",
       "      <td>2.133101</td>\n",
       "      <td>2.533230</td>\n",
       "      <td>5.852316</td>\n",
       "      <td>5.697284</td>\n",
       "      <td>3.523317</td>\n",
       "      <td>...</td>\n",
       "      <td>4.451984</td>\n",
       "      <td>2.609933</td>\n",
       "      <td>2.281537</td>\n",
       "      <td>4.775052</td>\n",
       "      <td>4.281605</td>\n",
       "      <td>0.575776</td>\n",
       "      <td>0.384037</td>\n",
       "      <td>0.319125</td>\n",
       "      <td>4.366134</td>\n",
       "      <td>3.533098</td>\n",
       "    </tr>\n",
       "    <tr>\n",
       "      <th>2010_Gyeongbuk</th>\n",
       "      <td>0.476881</td>\n",
       "      <td>0.365612</td>\n",
       "      <td>1.481023</td>\n",
       "      <td>0.000000</td>\n",
       "      <td>0.877977</td>\n",
       "      <td>0.015802</td>\n",
       "      <td>0.429249</td>\n",
       "      <td>0.424036</td>\n",
       "      <td>0.348180</td>\n",
       "      <td>0.103839</td>\n",
       "      <td>...</td>\n",
       "      <td>0.194844</td>\n",
       "      <td>0.093128</td>\n",
       "      <td>0.021839</td>\n",
       "      <td>0.231374</td>\n",
       "      <td>0.177214</td>\n",
       "      <td>0.053463</td>\n",
       "      <td>0.101989</td>\n",
       "      <td>0.416192</td>\n",
       "      <td>0.201727</td>\n",
       "      <td>0.104756</td>\n",
       "    </tr>\n",
       "    <tr>\n",
       "      <th>2010_Gwangju</th>\n",
       "      <td>0.447112</td>\n",
       "      <td>0.497696</td>\n",
       "      <td>6.549381</td>\n",
       "      <td>0.877977</td>\n",
       "      <td>0.000000</td>\n",
       "      <td>0.789382</td>\n",
       "      <td>0.241462</td>\n",
       "      <td>0.723786</td>\n",
       "      <td>0.391715</td>\n",
       "      <td>0.527869</td>\n",
       "      <td>...</td>\n",
       "      <td>0.441160</td>\n",
       "      <td>0.401249</td>\n",
       "      <td>0.757571</td>\n",
       "      <td>0.408773</td>\n",
       "      <td>0.486775</td>\n",
       "      <td>1.220853</td>\n",
       "      <td>1.245758</td>\n",
       "      <td>0.976265</td>\n",
       "      <td>0.621925</td>\n",
       "      <td>0.515266</td>\n",
       "    </tr>\n",
       "    <tr>\n",
       "      <th>2010_Daegu</th>\n",
       "      <td>0.323009</td>\n",
       "      <td>0.231043</td>\n",
       "      <td>2.133101</td>\n",
       "      <td>0.015802</td>\n",
       "      <td>0.789382</td>\n",
       "      <td>0.000000</td>\n",
       "      <td>0.467528</td>\n",
       "      <td>0.269550</td>\n",
       "      <td>0.224082</td>\n",
       "      <td>0.044426</td>\n",
       "      <td>...</td>\n",
       "      <td>0.107660</td>\n",
       "      <td>0.087077</td>\n",
       "      <td>0.000605</td>\n",
       "      <td>0.135701</td>\n",
       "      <td>0.092406</td>\n",
       "      <td>0.128719</td>\n",
       "      <td>0.201975</td>\n",
       "      <td>0.561592</td>\n",
       "      <td>0.103886</td>\n",
       "      <td>0.045958</td>\n",
       "    </tr>\n",
       "    <tr>\n",
       "      <th>2010_Daejeon</th>\n",
       "      <td>0.736496</td>\n",
       "      <td>0.695525</td>\n",
       "      <td>2.533230</td>\n",
       "      <td>0.429249</td>\n",
       "      <td>0.241462</td>\n",
       "      <td>0.467528</td>\n",
       "      <td>0.000000</td>\n",
       "      <td>0.988339</td>\n",
       "      <td>0.561893</td>\n",
       "      <td>0.417496</td>\n",
       "      <td>...</td>\n",
       "      <td>0.453568</td>\n",
       "      <td>0.154382</td>\n",
       "      <td>0.461538</td>\n",
       "      <td>0.460878</td>\n",
       "      <td>0.480896</td>\n",
       "      <td>0.500309</td>\n",
       "      <td>0.450483</td>\n",
       "      <td>0.221938</td>\n",
       "      <td>0.646743</td>\n",
       "      <td>0.405352</td>\n",
       "    </tr>\n",
       "    <tr>\n",
       "      <th>2010_Busan</th>\n",
       "      <td>0.029606</td>\n",
       "      <td>0.016093</td>\n",
       "      <td>5.852316</td>\n",
       "      <td>0.424036</td>\n",
       "      <td>0.723786</td>\n",
       "      <td>0.269550</td>\n",
       "      <td>0.988339</td>\n",
       "      <td>0.000000</td>\n",
       "      <td>0.042980</td>\n",
       "      <td>0.127553</td>\n",
       "      <td>...</td>\n",
       "      <td>0.075721</td>\n",
       "      <td>0.400465</td>\n",
       "      <td>0.246602</td>\n",
       "      <td>0.068539</td>\n",
       "      <td>0.071454</td>\n",
       "      <td>0.815807</td>\n",
       "      <td>1.009526</td>\n",
       "      <td>1.596027</td>\n",
       "      <td>0.037605</td>\n",
       "      <td>0.131395</td>\n",
       "    </tr>\n",
       "    <tr>\n",
       "      <th>2010_Seoul</th>\n",
       "      <td>0.011859</td>\n",
       "      <td>0.006086</td>\n",
       "      <td>5.697284</td>\n",
       "      <td>0.348180</td>\n",
       "      <td>0.391715</td>\n",
       "      <td>0.224082</td>\n",
       "      <td>0.561893</td>\n",
       "      <td>0.042980</td>\n",
       "      <td>0.000000</td>\n",
       "      <td>0.069993</td>\n",
       "      <td>...</td>\n",
       "      <td>0.021603</td>\n",
       "      <td>0.210071</td>\n",
       "      <td>0.201031</td>\n",
       "      <td>0.011972</td>\n",
       "      <td>0.028377</td>\n",
       "      <td>0.704378</td>\n",
       "      <td>0.840257</td>\n",
       "      <td>1.151302</td>\n",
       "      <td>0.038448</td>\n",
       "      <td>0.069432</td>\n",
       "    </tr>\n",
       "    <tr>\n",
       "      <th>2010_Ulsan</th>\n",
       "      <td>0.133567</td>\n",
       "      <td>0.081110</td>\n",
       "      <td>3.523317</td>\n",
       "      <td>0.103839</td>\n",
       "      <td>0.527869</td>\n",
       "      <td>0.044426</td>\n",
       "      <td>0.417496</td>\n",
       "      <td>0.127553</td>\n",
       "      <td>0.069993</td>\n",
       "      <td>0.000000</td>\n",
       "      <td>...</td>\n",
       "      <td>0.013898</td>\n",
       "      <td>0.071802</td>\n",
       "      <td>0.034690</td>\n",
       "      <td>0.024803</td>\n",
       "      <td>0.009821</td>\n",
       "      <td>0.315960</td>\n",
       "      <td>0.409428</td>\n",
       "      <td>0.722716</td>\n",
       "      <td>0.026408</td>\n",
       "      <td>0.000091</td>\n",
       "    </tr>\n",
       "    <tr>\n",
       "      <th>2010_Incheon</th>\n",
       "      <td>0.000070</td>\n",
       "      <td>0.008121</td>\n",
       "      <td>6.504353</td>\n",
       "      <td>0.469452</td>\n",
       "      <td>0.436963</td>\n",
       "      <td>0.317595</td>\n",
       "      <td>0.718868</td>\n",
       "      <td>0.031124</td>\n",
       "      <td>0.010315</td>\n",
       "      <td>0.129424</td>\n",
       "      <td>...</td>\n",
       "      <td>0.059759</td>\n",
       "      <td>0.318531</td>\n",
       "      <td>0.290112</td>\n",
       "      <td>0.043842</td>\n",
       "      <td>0.067909</td>\n",
       "      <td>0.881724</td>\n",
       "      <td>1.043589</td>\n",
       "      <td>1.408090</td>\n",
       "      <td>0.067025</td>\n",
       "      <td>0.129524</td>\n",
       "    </tr>\n",
       "    <tr>\n",
       "      <th>2010_Jeonnam</th>\n",
       "      <td>0.372426</td>\n",
       "      <td>0.442115</td>\n",
       "      <td>7.712441</td>\n",
       "      <td>0.996864</td>\n",
       "      <td>0.019192</td>\n",
       "      <td>0.869116</td>\n",
       "      <td>0.384245</td>\n",
       "      <td>0.629671</td>\n",
       "      <td>0.354098</td>\n",
       "      <td>0.559953</td>\n",
       "      <td>...</td>\n",
       "      <td>0.443617</td>\n",
       "      <td>0.496969</td>\n",
       "      <td>0.830978</td>\n",
       "      <td>0.402747</td>\n",
       "      <td>0.490258</td>\n",
       "      <td>1.419456</td>\n",
       "      <td>1.477039</td>\n",
       "      <td>1.250885</td>\n",
       "      <td>0.604101</td>\n",
       "      <td>0.548437</td>\n",
       "    </tr>\n",
       "    <tr>\n",
       "      <th>2010_Jeonbuk</th>\n",
       "      <td>0.225647</td>\n",
       "      <td>0.287713</td>\n",
       "      <td>7.901468</td>\n",
       "      <td>0.875342</td>\n",
       "      <td>0.058253</td>\n",
       "      <td>0.730055</td>\n",
       "      <td>0.440449</td>\n",
       "      <td>0.428846</td>\n",
       "      <td>0.223832</td>\n",
       "      <td>0.431220</td>\n",
       "      <td>...</td>\n",
       "      <td>0.316148</td>\n",
       "      <td>0.437807</td>\n",
       "      <td>0.692076</td>\n",
       "      <td>0.278108</td>\n",
       "      <td>0.355065</td>\n",
       "      <td>1.324786</td>\n",
       "      <td>1.414977</td>\n",
       "      <td>1.317955</td>\n",
       "      <td>0.438784</td>\n",
       "      <td>0.422409</td>\n",
       "    </tr>\n",
       "    <tr>\n",
       "      <th>2010_Jeju</th>\n",
       "      <td>5.701813</td>\n",
       "      <td>6.367183</td>\n",
       "      <td>9.404223</td>\n",
       "      <td>8.697580</td>\n",
       "      <td>1.619863</td>\n",
       "      <td>8.599656</td>\n",
       "      <td>3.131174</td>\n",
       "      <td>7.242135</td>\n",
       "      <td>5.870346</td>\n",
       "      <td>7.261360</td>\n",
       "      <td>...</td>\n",
       "      <td>6.599010</td>\n",
       "      <td>6.043794</td>\n",
       "      <td>8.470689</td>\n",
       "      <td>6.319895</td>\n",
       "      <td>6.902522</td>\n",
       "      <td>9.017978</td>\n",
       "      <td>8.361810</td>\n",
       "      <td>4.792897</td>\n",
       "      <td>7.562766</td>\n",
       "      <td>7.184750</td>\n",
       "    </tr>\n",
       "    <tr>\n",
       "      <th>2010_Chungnam</th>\n",
       "      <td>0.610375</td>\n",
       "      <td>0.625591</td>\n",
       "      <td>4.660271</td>\n",
       "      <td>0.710581</td>\n",
       "      <td>0.048510</td>\n",
       "      <td>0.685234</td>\n",
       "      <td>0.082483</td>\n",
       "      <td>0.907804</td>\n",
       "      <td>0.494332</td>\n",
       "      <td>0.509371</td>\n",
       "      <td>...</td>\n",
       "      <td>0.474596</td>\n",
       "      <td>0.291291</td>\n",
       "      <td>0.664467</td>\n",
       "      <td>0.457736</td>\n",
       "      <td>0.516400</td>\n",
       "      <td>0.922658</td>\n",
       "      <td>0.900130</td>\n",
       "      <td>0.592731</td>\n",
       "      <td>0.680981</td>\n",
       "      <td>0.495596</td>\n",
       "    </tr>\n",
       "    <tr>\n",
       "      <th>2010_Chungbuk</th>\n",
       "      <td>0.001896</td>\n",
       "      <td>0.005199</td>\n",
       "      <td>6.220254</td>\n",
       "      <td>0.424414</td>\n",
       "      <td>0.416060</td>\n",
       "      <td>0.282539</td>\n",
       "      <td>0.657509</td>\n",
       "      <td>0.033245</td>\n",
       "      <td>0.004289</td>\n",
       "      <td>0.106140</td>\n",
       "      <td>...</td>\n",
       "      <td>0.043932</td>\n",
       "      <td>0.276757</td>\n",
       "      <td>0.256598</td>\n",
       "      <td>0.030189</td>\n",
       "      <td>0.051695</td>\n",
       "      <td>0.816779</td>\n",
       "      <td>0.968942</td>\n",
       "      <td>1.311568</td>\n",
       "      <td>0.054963</td>\n",
       "      <td>0.105970</td>\n",
       "    </tr>\n",
       "    <tr>\n",
       "      <th>2014_Gangwon</th>\n",
       "      <td>0.005262</td>\n",
       "      <td>0.000386</td>\n",
       "      <td>5.926752</td>\n",
       "      <td>0.388281</td>\n",
       "      <td>0.486540</td>\n",
       "      <td>0.249465</td>\n",
       "      <td>0.704339</td>\n",
       "      <td>0.017367</td>\n",
       "      <td>0.006004</td>\n",
       "      <td>0.091098</td>\n",
       "      <td>...</td>\n",
       "      <td>0.037022</td>\n",
       "      <td>0.278469</td>\n",
       "      <td>0.225431</td>\n",
       "      <td>0.026705</td>\n",
       "      <td>0.040936</td>\n",
       "      <td>0.767226</td>\n",
       "      <td>0.924641</td>\n",
       "      <td>1.320605</td>\n",
       "      <td>0.035709</td>\n",
       "      <td>0.091924</td>\n",
       "    </tr>\n",
       "    <tr>\n",
       "      <th>2014_Gyeonggi</th>\n",
       "      <td>0.003844</td>\n",
       "      <td>0.003343</td>\n",
       "      <td>6.223850</td>\n",
       "      <td>0.438535</td>\n",
       "      <td>0.528686</td>\n",
       "      <td>0.287503</td>\n",
       "      <td>0.795160</td>\n",
       "      <td>0.012242</td>\n",
       "      <td>0.014120</td>\n",
       "      <td>0.117854</td>\n",
       "      <td>...</td>\n",
       "      <td>0.055895</td>\n",
       "      <td>0.333065</td>\n",
       "      <td>0.261898</td>\n",
       "      <td>0.043499</td>\n",
       "      <td>0.059509</td>\n",
       "      <td>0.840158</td>\n",
       "      <td>1.011417</td>\n",
       "      <td>1.448861</td>\n",
       "      <td>0.047318</td>\n",
       "      <td>0.119243</td>\n",
       "    </tr>\n",
       "    <tr>\n",
       "      <th>2014_Gyeongnam</th>\n",
       "      <td>0.025075</td>\n",
       "      <td>0.049321</td>\n",
       "      <td>6.938293</td>\n",
       "      <td>0.542289</td>\n",
       "      <td>0.254826</td>\n",
       "      <td>0.394634</td>\n",
       "      <td>0.553820</td>\n",
       "      <td>0.109826</td>\n",
       "      <td>0.029724</td>\n",
       "      <td>0.172739</td>\n",
       "      <td>...</td>\n",
       "      <td>0.090340</td>\n",
       "      <td>0.295239</td>\n",
       "      <td>0.363980</td>\n",
       "      <td>0.067852</td>\n",
       "      <td>0.108391</td>\n",
       "      <td>0.964989</td>\n",
       "      <td>1.101034</td>\n",
       "      <td>1.300146</td>\n",
       "      <td>0.135783</td>\n",
       "      <td>0.169834</td>\n",
       "    </tr>\n",
       "    <tr>\n",
       "      <th>2014_Gyeongbuk</th>\n",
       "      <td>0.241714</td>\n",
       "      <td>0.324964</td>\n",
       "      <td>9.074110</td>\n",
       "      <td>1.081881</td>\n",
       "      <td>0.128975</td>\n",
       "      <td>0.900251</td>\n",
       "      <td>0.644973</td>\n",
       "      <td>0.442292</td>\n",
       "      <td>0.272529</td>\n",
       "      <td>0.550661</td>\n",
       "      <td>...</td>\n",
       "      <td>0.404963</td>\n",
       "      <td>0.610127</td>\n",
       "      <td>0.855826</td>\n",
       "      <td>0.357565</td>\n",
       "      <td>0.446774</td>\n",
       "      <td>1.606603</td>\n",
       "      <td>1.724767</td>\n",
       "      <td>1.656948</td>\n",
       "      <td>0.516691</td>\n",
       "      <td>0.542370</td>\n",
       "    </tr>\n",
       "    <tr>\n",
       "      <th>2014_Gwangju</th>\n",
       "      <td>1.129086</td>\n",
       "      <td>0.976925</td>\n",
       "      <td>0.359658</td>\n",
       "      <td>0.179092</td>\n",
       "      <td>1.054981</td>\n",
       "      <td>0.293482</td>\n",
       "      <td>0.297343</td>\n",
       "      <td>1.171997</td>\n",
       "      <td>0.891249</td>\n",
       "      <td>0.473432</td>\n",
       "      <td>...</td>\n",
       "      <td>0.634727</td>\n",
       "      <td>0.230612</td>\n",
       "      <td>0.312137</td>\n",
       "      <td>0.689343</td>\n",
       "      <td>0.622743</td>\n",
       "      <td>0.076173</td>\n",
       "      <td>0.030800</td>\n",
       "      <td>0.062274</td>\n",
       "      <td>0.730107</td>\n",
       "      <td>0.468695</td>\n",
       "    </tr>\n",
       "    <tr>\n",
       "      <th>2014_Daegu</th>\n",
       "      <td>0.004894</td>\n",
       "      <td>0.021515</td>\n",
       "      <td>6.786988</td>\n",
       "      <td>0.509744</td>\n",
       "      <td>0.356741</td>\n",
       "      <td>0.356733</td>\n",
       "      <td>0.656757</td>\n",
       "      <td>0.058848</td>\n",
       "      <td>0.015216</td>\n",
       "      <td>0.150049</td>\n",
       "      <td>...</td>\n",
       "      <td>0.072538</td>\n",
       "      <td>0.314746</td>\n",
       "      <td>0.327368</td>\n",
       "      <td>0.053078</td>\n",
       "      <td>0.085163</td>\n",
       "      <td>0.932887</td>\n",
       "      <td>1.086067</td>\n",
       "      <td>1.381909</td>\n",
