,2010_Gangwon,2010_Gyeonggi,2010_Gyeongnam,2010_Gyeongbuk,2010_Gwangju,2010_Daegu,2010_Daejeon,2010_Busan,2010_Seoul,2010_Ulsan,2010_Incheon,2010_Jeonnam,2010_Jeonbuk,2010_Jeju,2010_Chungnam,2010_Chungbuk,2014_Gangwon,2014_Gyeonggi,2014_Gyeongnam,2014_Gyeongbuk,2014_Gwangju,2014_Daegu,2014_Daejeon,2014_Busan,2014_Seoul,2014_Sejong,2014_Ulsan,2014_Incheon,2014_Jeonnam,2014_Jeonbuk,2014_Jeju,2014_Chungnam,2014_Chungbuk,2018_Gangwon,2018_Gyeonggi,2018_Gyeongnam,2018_Gyeongbuk,2018_Gwangju,2018_Daegu,2018_Daejeon,2018_Busan,2018_Seoul,2018_Sejong,2018_Ulsan,2018_Incheon,2018_Jeonnam,2018_Jeonbuk,2018_Jeju,2018_Chungnam,2018_Chungbuk
2010_Gangwon,0.0,0.00849491849207534,6.545504791607839,0.47688080645736397,0.4471119997328932,0.3230088982306663,0.7364961618115313,0.029605809341178735,0.01185869936110317,0.13356718901093045,7.014201680055317e-05,0.37242640379895586,0.2256465354927077,5.701812669430856,0.6103753272239103,0.0018961612041467311,0.005262054976852546,0.0038436504906317888,0.025074577390173276,0.24171442706348728,1.1290862106701192,0.004893714633700645,0.00774476853273636,5.5060485315245655,0.030715613545130638,0.038423689005863584,5.3231459147674505,0.0033058825257722144,0.5418918409115707,0.2667007439341905,0.028667673724930315,0.021878529108435296,0.006665461236398677,0.07611801392712894,0.07835291681077877,0.024061976112231456,0.11375977143672832,0.7333338560376335,0.02053106817150167,0.12100565350235576,0.06284458045575517,0.32816133190960406,0.2953240053950622,0.04669920500684899,0.07078990962975562,0.8926073595211099,1.0570843321806238,1.430785838332565,0.06834651631314737,0.1338049584464547
2010_Gyeonggi,0.00849491849207534,0.0,5.759024597119652,0.3656116165797564,0.49769643739548264,0.23104295657414745,0.6955247303705987,0.016092875674004976,0.006085553006033783,0.08110992325358121,0.008121376963089528,0.4421152444270258,0.28771255585625577,6.367182590993511,0.6255912392433551,0.005198590960886032,0.0003859134302880154,0.0033428934822067316,0.049320550447631034,0.3249638493816118,0.9769250128019031,0.02151511313166871,0.000177657797968088,6.190220449006184,0.013620872827185769,0.018634763652166337,6.02686587670808,0.003883787385735628,0.42262558467552025,0.18799811264286953,0.05680480284081573,0.006183101797421856,0.0005727728161517942,0.037054706202760454,0.04264719355251117,0.006345790119970331,0.12601550090596625,0.5825935779370988,0.03268506913645684,0.07789607022232847,0.03159775103592377,0.26591681302078474,0.20800624751239957,0.022862171733589093,0.034460142909830765,0.7343546145989174,0.8895849245187273,1.2904052957427603,0.028669652421447835,0.0820781499129141
2010_Gyeongnam,6.545504791607839,5.759024597119652,0.0,1.4810233021238242,6.549380560485735,2.1331013636122447,2.5332301633941947,5.8523160469488085,5.697283789481639,3.5233165076797954,6.504353304893636,7.712440636874765,7.901467995164325,9.404222599337775,4.660271159550505,6.2202540237121555,5.926751577441277,6.223849957608731,6.9382925022906665,9.074109925792841,0.3596579456038493,6.786987713147445,5.771154842291331,10.530865899683612,5.641443390646615,5.560718621286024,11.82327193103216,6.274014112593923,1.2732275780348423,2.46882055228338,7.122512738883114,5.2693016721755965,5.819703990758143,4.64899991474162,4.226692667145134,5.193816357140521,5.8596473063277426,0.9200828043716326,6.3585340364466285,3.7860548562147174,4.45198352365745,2.609933066995962,2.281537071016726,4.7750518793891485,4.281604817108192,0.575775795965564,0.38403737926570464,0.31912493200799724,4.3661340711511745,3.533098142819491
2010_Gyeongbuk,0.47688080645736397,0.3656116165797564,1.4810233021238242,0.0,0.8779767327959702,0.01580228934888324,0.4292487723410141,0.42403601652098,0.3481796121977329,0.10383896845420099,0.4694519534054609,0.996863507212665,0.8753422701066604,8.69757990506473,0.7105814768668468,0.42441449233319645,0.3882812138512227,0.4385351657218958,0.5422889686589343,1.08188082021407,0.17909167740117754,0.5097439645452114,0.3648150926350334,8.704553781105018,0.38848782637068213,0.3865553969005242,8.741136701318037,0.4456291279760494,0.0018756466197716593,0.029495279484787574,0.5737948161183182,0.2928350112562765,0.37002494195576197,0.2719340250660731,0.17096745691666274,0.2840202058259698,0.44352495508885503,0.03827022973658482,0.44914022663977504,0.13101428666808687,0.19484365840247242,0.09312830199871672,0.021839289030809304,0.2313737240137704,0.17721369552093752,0.05346311927097184,0.10198925310523019,0.4161918936771721,0.2017265653992878,0.10475592168578388
2010_Gwangju,0.4471119997328932,0.49769643739548264,6.549380560485735,0.8779767327959702,0.0,0.7893818220883185,0.24146249385277316,0.7237862916967104,0.3917148047638854,0.5278688020746736,0.4369625294796343,0.019191671104269815,0.058253175417432544,1.619862946201415,0.04851036519564722,0.4160597392831592,0.48653985531306654,0.5286862964991041,0.2548259245507004,0.1289748542749395,1.0549807726547549,0.3567414465166461,0.4775816415291957,1.5417531426605495,0.702978414018536,0.742395299170413,1.4969009071568764,0.5255423929093735,0.9312505380310576,0.6530559671275555,0.2503623435739841,0.43763196450749603,0.4622573568475472,0.7815689740193553,0.4468262220639666,0.45300390006981694,0.12372288294184555,1.3043374313474094,0.27108364180844197,0.4295439306624589,0.4411595305377121,0.4012489037402641,0.7575710244260563,0.4087731594896592,0.48677523096578895,1.2208533825397496,1.245757516669872,0.976265254456881,0.6219251468859552,0.5152660876349273
2010_Daegu,0.3230088982306663,0.23104295657414745,2.1331013636122447,0.01580228934888324,0.7893818220883185,0.0,0.4675282539088561,0.26955043188294636,0.22408224568802218,0.04442605914470401,0.3175954155138784,0.8691163704519764,0.7300545145613893,8.599655981142037,0.6852339628332043,0.28253856654790543,0.24946505048323633,0.28750319023968285,0.39463394465710133,0.9002513677867465,0.29348219946285004,0.3567331828417264,0.2314520927634804,8.56476922657313,0.2422054645379594,0.23999533730746755,8.554912863948111,0.29335837305374846,0.028404914142779233,0.006448035250172904,0.4216185579194252,0.17842633324253726,0.2363914609987166,0.1532622704814921,0.0913827858620479,0.1708121307663935,0.3426479894551556,0.07773528048674594,0.3161696333370442,0.06948806859188049,0.10765999862486436,0.08707659626398667,0.0006053406912038513,0.13570051802856836,0.0924063787391547,0.1287187993694029,0.20197459054147632,0.5615923192156302,0.10388598233996427,0.04595773561890585
2010_Daejeon,0.7364961618115313,0.6955247303705987,2.5332301633941947,0.4292487723410141,0.24146249385277316,0.4675282539088561,0.0,0.988339370059031,0.561892808592137,0.41749582658734563,0.7188683649587404,0.38424517134269376,0.4404493074929414,3.1311736442162865,0.08248270864243032,0.6575090442085081,0.7043386293398051,0.7951596444773806,0.5538199622866088,0.6449725278715421,0.297343293491959,0.6567571856866294,0.6729921181143923,3.172793487774802,0.9316023274728946,0.9693133615007783,3.258045162702068,0.7979098067511919,0.4352018757829972,0.38606289957730555,0.5700649558810471,0.5594393879724366,0.6610608670440986,0.8793297633220518,0.4289790342567993,0.5672006244298837,0.2817514427733253,0.6800837942589489,0.5039810494743748,0.3493186862218526,0.4535684086272162,0.15438225171327546,0.46153813603889293,0.46087774858608666,0.48089603212051535,0.5003085046994746,0.450483129998543,0.2219383636792427,0.646742530093814,0.40535227770299653
2010_Busan,0.029605809341178735,0.016092875674004976,5.8523160469488085,0.42403601652098,0.7237862916967104,0.26955043188294636,0.988339370059031,0.0,0.04297950603473823,0.12755311196033203,0.031123735712418617,0.629671278412689,0.42884642404336437,7.2421346649254215,0.9078038061940934,0.0332448559948098,0.017366959527304854,0.012242192693680745,0.10982562041536872,0.44229238426605944,1.171996526697377,0.05884799961082902,0.019689666115106093,7.016264889051367,0.0006320034780111497,0.0011524217927846954,6.7972749410574425,0.013108486465008878,0.4852597333691444,0.24347117771995816,0.11786878099807788,0.03801680443862844,0.022500962844175312,0.019639998718725522,0.09034916826905982,0.03591956606715704,0.2449655247733849,0.6009628279234076,0.09239558520003024,0.1424184337375051,0.07572131189321818,0.400464614526057,0.24660152013020764,0.06853876666700306,0.07145412883088553,0.815806521132513,1.009526308147073,1.5960266569175268,0.03760528538720048,0.13139484239595542
2010_Seoul,0.01185869936110317,0.006085553006033783,5.697283789481639,0.3481796121977329,0.3917148047638854,0.22408224568802218,0.561892808592137,0.04297950603473823,0.0,0.06999306650277756,0.010315247095458533,0.3540982435058514,0.22383203239265242,5.870346416510624,0.4943316958354745,0.004288517237234487,0.006004028731993986,0.01411956562197155,0.02972365901646508,0.27252897057458664,0.8912493336672636,0.015215790983785225,0.004216448347936087,5.71576375842717,0.03810391023784323,0.04606211680291729,5.578059906950747,0.014489707192145016,0.40295094162018524,0.1722337474731502,0.03684072413875315,0.0029661226080831393,0.0031885224682476673,0.06326172784058323,0.03075095187133389,0.00440994763810457,0.07579746038702218,0.5849902115674085,0.013703696578879626,0.05717076564299037,0.02160349232257442,0.2100707547590064,0.2010307886781652,0.011972090652897158,0.028376714466688376,0.704378374178475,0.8402569926265767,1.1513021015295632,0.03844818123568966,0.06943201508193755
2010_Ulsan,0.13356718901093045,0.08110992325358121,3.5233165076797954,0.10383896845420099,0.5278688020746736,0.04442605914470401,0.41749582658734563,0.12755311196033203,0.06999306650277756,0.0,0.12942375979001747,0.5599532408343574,0.4312202900407056,7.261360043993398,0.5093707574499264,0.10614040113789153,0.09109751198874488,0.11785371795647125,0.1727388750119434,0.5506613428543252,0.4734320388683887,0.1500492568745837,0.07971335010180086,7.178636439350015,0.10911069488207652,0.11269454351652307,7.117971820497692,0.12119714951595109,0.1338577332580752,0.022474001887993686,0.190702998809557,0.04711042561494348,0.08144596809162682,0.07144545473991516,0.008318927275429173,0.04400725928083024,0.15496211056181752,0.2464048118558433,0.12245924986254506,0.005035193519868536,0.013897987671024174,0.07180176912867779,0.03468977424263911,0.024802507013498787,0.009820616004962868,0.31596015539074124,0.4094279286671616,0.7227156706522813,0.026407975479653654,9.132683793573108e-05
2010_Incheon,7.014201680055317e-05,0.008121376963089528,6.504353304893636,0.4694519534054609,0.4369625294796343,0.3175954155138784,0.7188683649587404,0.031123735712418617,0.010315247095458533,0.12942375979001747,0.0,0.365228811854435,0.22080603757926498,5.678313438885687,0.5956466361358276,0.0012971470545285724,0.00499460235659435,0.004293366453400043,0.02339796985005123,0.2391296269155724,1.1120607546781405,0.0043037542124347095,0.007197171854444658,5.486032537641139,0.0318500967998788,0.03973756639455604,5.3070218154009385,0.0037836958131694,0.533861916367772,0.26088449284062354,0.027124144167018936,0.020209713316980304,0.0060320046994554125,0.07651584746828483,0.07486194517803835,0.02244247481506463,0.10815092111019213,0.7264301252741105,0.018384186049023598,0.11620817715057244,0.05975901224164186,0.3185308800650014,0.2901115707416548,0.04384207442639981,0.06790851139870055,0.8817244051806894,1.0435890313315386,1.4080897724112185,0.06702483494564146,0.12952438861273483
2010_Jeonnam,0.37242640379895586,0.4421152444270258,7.712440636874765,0.996863507212665,0.019191671104269815,0.8691163704519764,0.38424517134269376,0.629671278412689,0.3540982435058514,0.5599532408343574,0.365228811854435,0.0,0.01869968220326043,1.5999384415135203,0.12827460709773383,0.3569369157119223,0.4266620979267053,0.45187544557961706,0.1993216898935588,0.051044957785287184,1.2982779739857087,0.2889712424474258,0.42457918460687805,1.482983409020135,0.6204847266414757,0.6569833798642949,1.3951608341442558,0.44748894078637197,1.0637220669654157,0.7259280518524959,0.19041732661399657,0.4087466956512005,0.40982697147979663,0.7294360912411402,0.4578770492494018,0.4247518671161157,0.12389573496753559,1.4552257707455323,0.23021498727132372,0.4619826378439318,0.44361715422229014,0.4969687135963732,0.8309779324849125,0.40274721861401913,0.4902581588277669,1.4194558820206904,1.4770389370673143,1.2508846636597046,0.6041012865702344,0.5484374539873829
2010_Jeonbuk,0.2256465354927077,0.28771255585625577,7.901467995164325,0.8753422701066604,0.058253175417432544,0.7300545145613893,0.4404493074929414,0.42884642404336437,0.22383203239265242,0.4312202900407056,0.22080603757926498,0.01869968220326043,0.0,2.253872897925654,0.19293456261417008,0.21812886743400423,0.27364603156239664,0.2884684981458693,0.09928160095731997,0.018994095159201228,1.2878917808327612,0.16271547212152665,0.27443549440582704,2.1123127505968475,0.42523858702336026,0.4547354378936984,1.9959539506060908,0.2845490390573928,0.9463404598024701,0.6021865760601823,0.09178713459610313,0.2715142261277389,0.2627241007064334,0.5294929030698593,0.33299417013496413,0.2848015481581203,0.07176445017183997,1.305928327043096,0.1266963527744155,0.3508015827716546,0.31614835353642445,0.4378072996365052,0.6920763728557733,0.2781077514506741,0.35506479496526844,1.3247857525776903,1.4149767686474082,1.3179547655472157,0.43878418509173306,0.42240943333216874
2010_Jeju,5.701812669430856,6.367182590993511,9.404222599337775,8.69757990506473,1.619862946201415,8.599655981142037,3.1311736442162865,7.2421346649254215,5.870346416510624,7.261360043993398,5.678313438885687,1.5999384415135203,2.253872897925654,0.0,1.858339401127271,5.735420885110506,6.22791748218303,6.25066163333099,4.465082641162931,2.0769898843736114,6.82844146612521,5.121968757219506,6.266984719094985,0.019267866651622174,7.286318950487855,7.48041780005742,0.08605381526930427,6.208187333557477,8.787948271087624,7.908102450655312,4.334073140210257,6.301224573121562,6.169274966000897,8.111207993655857,6.683651624276915,6.412895486353969,3.928482052732112,10.179767416083855,4.865958860938338,6.628326092275525,6.599010026841087,6.043793503920172,8.47068858370287,6.319895055390016,6.902521698910547,9.01797806405725,8.361809707440983,4.792897248407326,7.562765503817017,7.184749987009962
2010_Chungnam,0.6103753272239103,0.6255912392433551,4.660271159550505,0.7105814768668468,0.04851036519564722,0.6852339628332043,0.08248270864243032,0.9078038061940934,0.4943316958354745,0.5093707574499264,0.5956466361358276,0.12827460709773383,0.19293456261417008,1.858339401127271,0.0,0.5540875118141185,0.6223070019277654,0.6915299204092005,0.3963918988096616,0.32651159172777877,0.7033506640388094,0.5130593256274683,0.6020362012107686,1.8400856244027872,0.8679384816600844,0.9107693971975717,1.8611807201782995,0.690681088527936,0.741418594690075,0.5649624643202558,0.4000253039574345,0.5232109392085892,0.5864793808150116,0.8920682608347212,0.46597190040245345,0.5367781745818712,0.1810951880171196,1.0738951169118098,0.38625771473757686,0.415116892100929,0.4745956290660407,0.29129133883231817,0.6644672181203145,0.45773626544321555,0.5163995633899023,0.9226581538322267,0.9001297455043271,0.5927314949319467,0.6809807000904557,0.4955960996231368
2010_Chungbuk,0.0018961612041467311,0.005198590960886032,6.2202540237121555,0.42441449233319645,0.4160597392831592,0.28253856654790543,0.6575090442085081,0.0332448559948098,0.004288517237234487,0.10614040113789153,0.0012971470545285724,0.3569369157119223,0.21812886743400423,5.735420885110506,0.5540875118141185,0.0,0.0031198408681343067,0.00554599082086097,0.022900947146757167,0.24746222300003376,1.0300172165491077,0.005665589518254855,0.003912295106088552,5.557221269726396,0.0320272051369094,0.039965031015315705,5.393662867835462,0.005338053503703674,0.48539809533452666,0.2272713449178719,0.027805740275915827,0.011828533963953926,0.00277011019041649,0.07000182074758889,0.05690885246538679,0.013813039899715045,0.0933173305418497,0.674995581457709,0.014049762725730578,0.09280551600598946,0.04393247550693127,0.2767572887063129,0.2565983900913854,0.03018887771513748,0.051695251604599674,0.816778775011739,0.9689417575228491,1.3115680697710408,0.054963220059699947,0.10596973139748447
2014_Gangwon,0.005262054976852546,0.0003859134302880154,5.926751577441277,0.3882812138512227,0.48653985531306654,0.24946505048323633,0.7043386293398051,0.017366959527304854,0.006004028731993986,0.09109751198874488,0.00499460235659435,0.4266620979267053,0.27364603156239664,6.22791748218303,0.6223070019277654,0.0031198408681343067,0.0,0.001970899996594587,0.042928241123055884,0.3062287556914417,1.0090797863704262,0.016630040260960648,0.0003838302804869717,6.046672334447287,0.015683473414911258,0.021249025309867185,5.878839404604068,0.002282054342431679,0.4470331941022839,0.20366493365256894,0.04958078595697599,0.008202879385723989,0.0004761234443583255,0.04381048377689846,0.049047442141465586,0.008786715666419819,0.12250935228302767,0.6135200152009174,0.0288825379928033,0.08597509857962521,0.037021919802873865,0.2784694871578954,0.2254314599356056,0.026704919898920418,0.04093617992013528,0.7672257649726966,0.9246406975176998,1.3206046793227997,0.0357090065059772,0.09192446379137614
2014_Gyeonggi,0.0038436504906317888,0.0033428934822067316,6.223849957608731,0.4385351657218958,0.5286862964991041,0.28750319023968285,0.7951596444773806,0.012242192693680745,0.01411956562197155,0.11785371795647125,0.004293366453400043,0.45187544557961706,0.2884684981458693,6.25066163333099,0.6915299204092005,0.00554599082086097,0.001970899996594587,0.0,0.04764097253605086,0.30731564335127165,1.1111455380423023,0.017216019469092257,0.00403344335387255,6.049866489833075,0.012802583043824903,0.01791312334998786,5.860389483377538,3.422457942309211e-05,0.5012177284175389,0.24191821235981065,0.0531352943443663,0.018244399672312145,0.004331067984725098,0.04730380486074287,0.07045516668311907,0.018864920941450702,0.1477401318407089,0.6662629938121336,0.03746510744052248,0.1146439350226007,0.05589509279954412,0.3330651900409717,0.2618976889100638,0.04349850197413635,0.05950888072338,0.8401577107569094,1.0114170715241833,1.4488606184820463,0.04731779372633064,0.11924321870604558
2014_Gyeongnam,0.025074577390173276,0.049320550447631034,6.9382925022906665,0.5422889686589343,0.2548259245507004,0.39463394465710133,0.5538199622866088,0.10982562041536872,0.02972365901646508,0.1727388750119434,0.02339796985005123,0.1993216898935588,0.09928160095731997,4.465082641162931,0.3963918988096616,0.022900947146757167,0.042928241123055884,0.04764097253605086,0.0,0.12181089316475674,1.0997003205089038,0.007895103852735374,0.0444067193686458,4.296443515782474,0.10909510147189978,0.12366228630613285,4.145838350214167,0.04610617018136766,0.6083552149930282,0.31449497505332735,0.0004440775122186003,0.05116139841067095,0.03989478590058244,0.17174539231227887,0.10539748296403381,0.0568851844809959,0.043004866013293425,0.8580012189299002,0.004332193030984381,0.13737333058101775,0.09033992079103165,0.29523930583514146,0.36398039915159963,0.0678524685443831,0.10839083027808342,0.9649889290812376,1.1010341965576071,1.3001455442197756,0.13578254089032749,0.16983352098047472
2014_Gyeongbuk,0.24171442706348728,0.3249638493816118,9.074109925792841,1.08188082021407,0.1289748542749395,0.9002513677867465,0.6449725278715421,0.44229238426605944,0.27252897057458664,0.5506613428543252,0.2391296269155724,0.051044957785287184,0.018994095159201228,2.0769898843736114,0.32651159172777877,0.24746222300003376,0.3062287556914417,0.30731564335127165,0.12181089316475674,0.0,1.6039291525988737,0.1798638542975971,0.31305661617576985,1.8958977931023164,0.448211175006459,0.47706269452113415,1.7362270991548918,0.30203306277147823,1.1658571931922017,0.7623629544952568,0.10938488588763526,0.33087233997171417,0.3010673559655802,0.5834851402509651,0.4300047058140489,0.34550937352049205,0.1412704291785224,1.549150420952498,0.1651688686453395,0.46680327612766315,0.4049633133963112,0.6101268858475515,0.8558259993279028,0.35756497742502247,0.4467735673416938,1.6066027032145453,1.7247669133349466,1.6569480264381198,0.5166914311921602,0.5423695477116632
2014_Gwangju,1.1290862106701192,0.9769250128019031,0.3596579456038493,0.17909167740117754,1.0549807726547549,0.29348219946285004,0.297343293491959,1.171996526697377,0.8912493336672636,0.4734320388683887,1.1120607546781405,1.2982779739857087,1.2878917808327612,6.82844146612521,0.7033506640388094,1.0300172165491077,1.0090797863704262,1.1111455380423023,1.0997003205089038,1.6039291525988737,0.0,1.1250222931315896,0.9657020621970361,6.969516479067576,1.103032691209063,1.1143173696486843,7.15927181789637,1.1209281244906055,0.15182447284057293,0.3010407135619232,1.1408694561218917,0.8207994625341384,0.9666243676563266,0.9166108652341645,0.5869439205685298,0.8130782751504244,0.8041071274219456,0.21727054431453413,0.9731916425889144,0.47975904521404056,0.6347269245433802,0.2306115591910753,0.31213740209040697,0.6893434684302138,0.6227427477071301,0.07617271286126132,0.030800370325728188,0.06227437031704616,0.7301071072418932,0.46869514731029704
2014_Daegu,0.004893714633700645,0.02151511313166871,6.786987713147445,0.5097439645452114,0.3567414465166461,0.3567331828417264,0.6567571856866294,0.05884799961082902,0.015215790983785225,0.1500492568745837,0.0043037542124347095,0.2889712424474258,0.16271547212152665,5.121968757219506,0.5130593256274683,0.005665589518254855,0.016630040260960648,0.017216019469092257,0.007895103852735374,0.1798638542975971,1.1250222931315896,0.0,0.018980048460001484,4.936731879611806,0.05966526602970161,0.07037848795848373,4.766544798164275,0.016162381986895843,0.5759427064683421,0.28914841953692516,0.00983120326428936,0.03088469471141737,0.016355208203945145,0.11441778030527477,0.08825538272883686,0.03472051494919723,0.0783144901588356,0.7951173224427068,0.0081221404660365,0.12705507999965604,0.07253819256074844,0.31474626055188726,0.327368403041973,0.05307814527953387,0.0851632711324961,0.9328873096345103,1.0860672135804306,1.381908742539218,0.09536561200650462,0.1488996308754271
2014_Daejeon,0.00774476853273636,0.000177657797968088,5.771154842291331,0.3648150926350334,0.4775816415291957,0.2314520927634804,0.6729921181143923,0.019689666115106093,0.004216448347936087,0.07971335010180086,0.007197171854444658,0.42457918460687805,0.27443549440582704,6.266984719094985,0.6020362012107686,0.003912295106088552,0.0003838302804869717,0.00403344335387255,0.0444067193686458,0.31305661617576985,0.9657020621970361,0.018980048460001484,0.0,6.093399492822424,0.01695584389364345,0.022507805617556234,5.933960644954646,0.004515490670797496,0.4216810272081679,0.1865582914753376,0.05172398130685318,0.005061415213315502,0.00012373451013710792,0.04132541618252855,0.04065550915467692,0.005490155264297301,0.11631960353754647,0.5862809037381169,0.028203918647188256,0.07463738211220963,0.02979731594088117,0.2572456784119681,0.2082806207109959,0.020707867010697226,0.033447476988493555,0.7328076018558565,0.8850222132101682,1.2696924355574604,0.03034394979727221,0.08040659734518099
2014_Busan,5.5060485315245655,6.190220449006184,10.530865899683612,8.704553781105018,1.5417531426605495,8.56476922657313,3.172793487774802,7.016264889051367,5.71576375842717,7.178636439350015,5.486032537641139,1.482983409020135,2.1123127505968475,0.019267866651622174,1.8400856244027872,5.557221269726396,6.046672334447287,6.049866489833075,4.296443515782474,1.8958977931023164,6.969516479067576,4.936731879611806,6.093399492822424,0.0,7.07388296305611,7.263588219349383,0.023882702433971267,6.006159427508085,8.80925456991346,7.867630575652378,4.16109456906376,6.1546806185182845,5.996764789059196,7.930254991270423,6.579837667765792,6.266619563830212,3.821894750169841,10.217826070232723,4.711794781858723,6.547871978277132,6.486072579424698,6.031616690203408,8.429301376541156,6.198610355672213,6.789665720980615,9.10944955320889,8.488882809909652,4.968479912610537,7.423640284461766,7.103439999585328
2014_Seoul,0.030715613545130638,0.013620872827185769,5.641443390646615,0.38848782637068213,0.702978414018536,0.2422054645379594,0.9316023274728946,0.0006320034780111497,0.03810391023784323,0.10911069488207652,0.0318500967998788,0.6204847266414757,0.42523858702336026,7.286318950487855,0.8679384816600844,0.0320272051369094,0.015683473414911258,0.012802583043824903,0.10909510147189978,0.448211175006459,1.103032691209063,0.05966526602970161,0.01695584389364345,7.07388296305611,0.0,0.0004320548910268264,6.869658199730192,0.013894003279650544,0.4469709085977158,0.21678208587153874,0.11806547660780252,0.03136016673382122,0.01978814528207657,0.014189906096368294,0.07604415288866126,0.029088323489953886,0.23168605762563066,0.5619401593384108,0.0886379502116882,0.12348505834350051,0.06313888541842262,0.36493232818741017,0.2204352578622385,0.0576305954632099,0.05868052699023371,0.7644750201176647,0.9493928826765464,1.5112644145910124,0.02827295201771316,0.11268019389270469
2014_Sejong,0.038423689005863584,0.018634763652166337,5.560718621286024,0.3865553969005242,0.742395299170413,0.23999533730746755,0.9693133615007783,0.0011524217927846954,0.04606211680291729,0.11269454351652307,0.03973756639455604,0.6569833798642949,0.4547354378936984,7.48041780005742,0.9107693971975717,0.039965031015315705,0.021249025309867185,0.01791312334998786,0.12366228630613285,0.47706269452113415,1.1143173696486843,0.07037848795848373,0.022507805617556234,7.263588219349383,0.0004320548910268264,0.0,7.054159628688287,0.019176940040336054,0.44462336905610766,0.21839375280929918,0.13316820238777677,0.03747971715888358,0.025820813543784783,0.011350107355061733,0.08179966395742683,0.034676957517399916,0.25245104109071725,0.5499261150397468,0.1016615251749719,0.13054710920861973,0.06896555636468124,0.37897350320375595,0.2187986784634301,0.06454579180224601,0.0629772537085674,0.7598601680303949,0.948763964233764,1.5387855572797622,0.028592151327471872,0.11672576885259983
2014_Ulsan,5.3231459147674505,6.02686587670808,11.82327193103216,8.741136701318037,1.4969009071568764,8.554912863948111,3.258045162702068,6.7972749410574425,5.578059906950747,7.117971820497692,5.3070218154009385,1.3951608341442558,1.9959539506060908,0.08605381526930427,1.8611807201782995,5.393662867835462,5.878839404604068,5.860389483377538,4.145838350214167,1.7362270991548918,7.15927181789637,4.766544798164275,5.933960644954646,0.023882702433971267,6.869658199730192,7.054159628688287,0.0,5.815398654716058,8.861672956204602,7.85273742376239,4.005945027257374,6.025075699101273,5.838693333116457,7.759369532983588,6.49683065051806,6.137107744367837,3.7409392401214516,10.286765373110175,4.576426978809427,6.4908505570242605,6.393114599799005,6.051481852763929,8.412435023193629,6.096917208363787,6.696252966791465,9.239939715516941,8.66033712242784,5.200586950499037,7.29998013605904,7.044478015809733
2014_Incheon,0.0033058825257722144,0.003883787385735628,6.274014112593923,0.4456291279760494,0.5255423929093735,0.29335837305374846,0.7979098067511919,0.013108486465008878,0.014489707192145016,0.12119714951595109,0.0037836958131694,0.44748894078637197,0.2845490390573928,6.208187333557477,0.690681088527936,0.005338053503703674,0.002282054342431679,3.422457942309211e-05,0.04610617018136766,0.30203306277147823,1.1209281244906055,0.016162381986895843,0.004515490670797496,6.006159427508085,0.013894003279650544,0.019176940040336054,5.815398654716058,0.0,0.5088233238105252,0.2469365420760809,0.05135286958923984,0.019244476324086275,0.004719584465015419,0.0497873757983781,0.07273280760575207,0.01999303853789678,0.14699191172989662,0.6758515518776108,0.036699991338733154,0.11739969506674387,0.057887722956178084,0.33707683758068974,0.2674569965090394,0.04502009174709868,0.061822667350655225,0.8502581044854973,1.0221299952300267,1.4579637514895616,0.049838360598038194,0.12254128953241056
2014_Jeonnam,0.5418918409115707,0.42262558467552025,1.2732275780348423,0.0018756466197716593,0.9312505380310576,0.028404914142779233,0.4352018757829972,0.4852597333691444,0.40295094162018524,0.1338577332580752,0.533861916367772,1.0637220669654157,0.9463404598024701,8.787948271087624,0.741418594690075,0.48539809533452666,0.4470331941022839,0.5012177284175389,0.6083552149930282,1.1658571931922017,0.15182447284057293,0.5759427064683421,0.4216810272081679,8.80925456991346,0.4469709085977158,0.44462336905610766,8.861672956204602,0.5088233238105252,0.0,0.045964013014626305,0.6417040837032146,0.3433620209158258,0.42722054816589355,0.31944983298823787,0.20901311279940565,0.33388413952622753,0.4950826365254659,0.029361722555197742,0.50929927638237,0.16313064259503512,0.2356194892241007,0.10777981718396876,0.036520603738531165,0.27562256039952504,0.21650692478091593,0.03498762775067912,0.07658807442113807,0.38265770150660416,0.24380379285447254,0.13473721023340846
2014_Jeonbuk,0.2667007439341905,0.18799811264286953,2.46882055228338,0.029495279484787574,0.6530559671275555,0.006448035250172904,0.38606289957730555,0.24347117771995816,0.1722337474731502,0.022474001887993686,0.26088449284062354,0.7259280518524959,0.6021865760601823,7.908102450655312,0.5649624643202558,0.2272713449178719,0.20366493365256894,0.24191821235981065,0.31449497505332735,0.7623629544952568,0.3010407135619232,0.28914841953692516,0.1865582914753376,7.867630575652378,0.21678208587153874,0.21839375280929918,7.85273742376239,0.2469365420760809,0.045964013014626305,0.0,0.33853812492969115,0.135053904206858,0.18965116111040678,0.14342098671342385,0.05745496461416187,0.12954255356736236,0.25670571044038465,0.12416514814328078,0.24491543292703596,0.036441385966840906,0.07157821874928999,0.05165871105512627,0.004034399712017847,0.09398376827157627,0.06185500127461815,0.16410252457313668,0.23373018802669127,0.5398459457271003,0.08425336136899904,0.022755477911464293
2014_Jeju,0.028667673724930315,0.05680480284081573,7.122512738883114,0.5737948161183182,0.2503623435739841,0.4216185579194252,0.5700649558810471,0.11786878099807788,0.03684072413875315,0.190702998809557,0.027124144167018936,0.19041732661399657,0.09178713459610313,4.334073140210257,0.4000253039574345,0.027805740275915827,0.04958078595697599,0.0531352943443663,0.0004440775122186003,0.10938488588763526,1.1408694561218917,0.00983120326428936,0.05172398130685318,4.16109456906376,0.11806547660780252,0.13316820238777677,4.005945027257374,0.05135286958923984,0.6417040837032146,0.33853812492969115,0.0,0.0605193884926962,0.046902213167374474,0.185828603972853,0.11951812086534824,0.06668628715878186,0.04661524570035698,0.8983092879121931,0.007546815488572105,0.15331016934383102,0.10340544235367713,0.3158587441770496,0.38989944030538315,0.07922412615629945,0.12256733789790861,1.0072725105631162,1.145519010730603,1.3388466210914327,0.1504379078540752,0.18764970014999321
2014_Chungnam,0.021878529108435296,0.006183101797421856,5.2693016721755965,0.2928350112562765,0.43763196450749603,0.17842633324253726,0.5594393879724366,0.03801680443862844,0.0029661226080831393,0.04711042561494348,0.020209713316980304,0.4087466956512005,0.2715142261277389,6.301224573121562,0.5232109392085892,0.011828533963953926,0.008202879385723989,0.018244399672312145,0.05116139841067095,0.33087233997171417,0.8207994625341384,0.03088469471141737,0.005061415213315502,6.1546806185182845,0.03136016673382122,0.03747971715888358,6.025075699101273,0.019244476324086275,0.3433620209158258,0.135053904206858,0.0605193884926962,0.0,0.0050232767996354465,0.043871763022159484,0.0174250784910049,0.00015906311003946797,0.09386952545301698,0.5052025026899788,0.02823458103240444,0.040649360679360445,0.01058727134502204,0.18673528935110453,0.15799823496996251,0.0052467696023689794,0.014050649675932184,0.6240751353065125,0.7570025316577615,1.093648998200862,0.020480059693776087,0.04713362678647549
2014_Chungbuk,0.006665461236398677,0.0005727728161517942,5.819703990758143,0.37002494195576197,0.4622573568475472,0.2363914609987166,0.6610608670440986,0.022500962844175312,0.0031885224682476673,0.08144596809162682,0.0060320046994554125,0.40982697147979663,0.2627241007064334,6.169274966000897,0.5864793808150116,0.00277011019041649,0.0004761234443583255,0.004331067984725098,0.03989478590058244,0.3010673559655802,0.9666243676563266,0.016355208203945145,0.00012373451013710792,5.996764789059196,0.01978814528207657,0.025820813543784783,5.838693333116457,0.004719584465015419,0.42722054816589355,0.18965116111040678,0.046902213167374474,0.0050232767996354465,0.0,0.04589488564541107,0.04113280411146404,0.005724597657947037,0.1094763990733031,0.5963441750019931,0.024601112707675496,0.07472006884421745,0.03015774376217075,0.25499454324412224,0.21289124589386174,0.020456505288073926,0.03456650038705153,0.7400244108287735,0.8908611128676946,1.264141300757237,0.03331530935863271,0.08192988557540104
2018_Gangwon,0.07611801392712894,0.037054706202760454,4.64899991474162,0.2719340250660731,0.7815689740193553,0.1532622704814921,0.8793297633220518,0.019639998718725522,0.06326172784058323,0.07144545473991516,0.07651584746828483,0.7294360912411402,0.5294929030698593,8.111207993655857,0.8920682608347212,0.07000182074758889,0.04381048377689846,0.04730380486074287,0.17174539231227887,0.5834851402509651,0.9166108652341645,0.11441778030527477,0.04132541618252855,7.930254991270423,0.014189906096368294,0.011350107355061733,7.759369532983588,0.0497873757983781,0.31944983298823787,0.14342098671342385,0.185828603972853,0.043871763022159484,0.04589488564541107,0.0,0.06043279293657797,0.039143298042440405,0.27190726312048996,0.3983864685923332,0.13530315922964162,0.09621376030586812,0.05381588805855087,0.30404247974558407,0.1375998885773238,0.057968013919909585,0.043365967039238985,0.5839014069244584,0.752208104293081,1.3265381364238675,0.011250369578997462,0.0756692039006194
2018_Gyeonggi,0.07835291681077877,0.04264719355251117,4.226692667145134,0.17096745691666274,0.4468262220639666,0.0913827858620479,0.4289790342567993,0.09034916826905982,0.03075095187133389,0.008318927275429173,0.07486194517803835,0.4578770492494018,0.33299417013496413,6.683651624276915,0.46597190040245345,0.05690885246538679,0.049047442141465586,0.07045516668311907,0.10539748296403381,0.4300047058140489,0.5869439205685298,0.08825538272883686,0.04065550915467692,6.579837667765792,0.07604415288866126,0.08179966395742683,6.49683065051806,0.07273280760575207,0.20901311279940565,0.05745496461416187,0.11951812086534824,0.0174250784910049,0.04113280411146404,0.06043279293657797,0.0,0.016160980014646338,0.10393299733989089,0.34927731072271573,0.0671517231955654,0.0052997643444159005,0.0008450940084444342,0.09528710301783211,0.07706751179824223,0.004443500997329555,0.0013089139160609078,0.4296438081117216,0.5338657214265925,0.8302860985981008,0.018865029155334962,0.007885942391203018
2018_Gyeongnam,0.024061976112231456,0.006345790119970331,5.193816357140521,0.2840202058259698,0.45300390006981694,0.1708121307663935,0.5672006244298837,0.03591956606715704,0.00440994763810457,0.04400725928083024,0.02244247481506463,0.4247518671161157,0.2848015481581203,6.412895486353969,0.5367781745818712,0.013813039899715045,0.008786715666419819,0.018864920941450702,0.0568851844809959,0.34550937352049205,0.8130782751504244,0.03472051494919723,0.005490155264297301,6.266619563830212,0.029088323489953886,0.034676957517399916,6.137107744367837,0.01999303853789678,0.33388413952622753,0.12954255356736236,0.06668628715878186,0.00015906311003946797,0.005724597657947037,0.039143298042440405,0.016160980014646338,0.0,0.10075976152958728,0.49066980670159066,0.0326236276285568,0.039304989249208666,0.009643665309730275,0.18613848626636742,0.15087577380133066,0.005161546300364807,0.012253383440058947,0.6113287950720036,0.7448189559669066,1.0913561770763351,0.017042776514431764,0.044230209190252945
2018_Gyeongbuk,0.11375977143672832,0.12601550090596625,5.8596473063277426,0.44352495508885503,0.12372288294184555,0.3426479894551556,0.2817514427733253,0.2449655247733849,0.07579746038702218,0.15496211056181752,0.10815092111019213,0.12389573496753559,0.07176445017183997,3.928482052732112,0.1810951880171196,0.0933173305418497,0.12250935228302767,0.1477401318407089,0.043004866013293425,0.1412704291785224,0.8041071274219456,0.0783144901588356,0.11631960353754647,3.821894750169841,0.23168605762563066,0.25245104109071725,3.7409392401214516,0.14699191172989662,0.4950826365254659,0.25670571044038465,0.04661524570035698,0.09386952545301698,0.1094763990733031,0.27190726312048996,0.10393299733989089,0.10075976152958728,0.0,0.7574923157123683,0.036136703170979126,0.10662415876420275,0.098446577813923,0.16539758677234237,0.31728196766117267,0.08174183881328459,0.12080832806420452,0.7812031941112949,0.8634977040453395,0.9071339418934015,0.18650536281712599,0.14914248204500566
2018_Gwangju,0.7333338560376335,0.5825935779370988,0.9200828043716326,0.03827022973658482,1.3043374313474094,0.07773528048674594,0.6800837942589489,0.6009628279234076,0.5849902115674085,0.2464048118558433,0.7264301252741105,1.4552257707455323,1.305928327043096,10.179767416083855,1.0738951169118098,0.674995581457709,0.6135200152009174,0.6662629938121336,0.8580012189299002,1.549150420952498,0.21727054431453413,0.7951173224427068,0.5862809037381169,10.217826070232723,0.5619401593384108,0.5499261150397468,10.286765373110175,0.6758515518776108,0.029361722555197742,0.12416514814328078,0.8983092879121931,0.5052025026899788,0.5963441750019931,0.3983864685923332,0.34927731072271573,0.49066980670159066,0.7574923157123683,0.0,0.7378866742488013,0.30167822012290985,0.3808147709345847,0.2521878262980046,0.09226685338273108,0.4340713095769847,0.34856035689847864,0.03628940003179331,0.09113030229356875,0.5123812610982863,0.34879113715965027,0.2502456670587374
2018_Daegu,0.02053106817150167,0.03268506913645684,6.3585340364466285,0.44914022663977504,0.27108364180844197,0.3161696333370442,0.5039810494743748,0.09239558520003024,0.013703696578879626,0.12245924986254506,0.018384186049023598,0.23021498727132372,0.1266963527744155,4.865958860938338,0.38625771473757686,0.014049762725730578,0.0288825379928033,0.03746510744052248,0.004332193030984381,0.1651688686453395,0.9731916425889144,0.0081221404660365,0.028203918647188256,4.711794781858723,0.0886379502116882,0.1016615251749719,4.576426978809427,0.036699991338733154,0.50929927638237,0.24491543292703596,0.007546815488572105,0.02823458103240444,0.024601112707675496,0.13530315922964162,0.0671517231955654,0.0326236276285568,0.036136703170979126,0.7378866742488013,0.0,0.09305474934218924,0.05548657912487842,0.23476856527102072,0.2888693951580234,0.03827643109555866,0.07021763613138697,0.8372611093041771,0.9655286831624241,1.1792518801377714,0.09679690454042633,0.11995386111489925
2018_Daejeon,0.12100565350235576,0.07789607022232847,3.7860548562147174,0.13101428666808687,0.4295439306624589,0.06948806859188049,0.3493186862218526,0.1424184337375051,0.05717076564299037,0.005035193519868536,0.11620817715057244,0.4619826378439318,0.3508015827716546,6.628326092275525,0.415116892100929,0.09280551600598946,0.08597509857962521,0.1146439350226007,0.13737333058101775,0.46680327612766315,0.47975904521404056,0.12705507999965604,0.07463738211220963,6.547871978277132,0.12348505834350051,0.13054710920861973,6.4908505570242605,0.11739969506674387,0.16313064259503512,0.036441385966840906,0.15331016934383102,0.040649360679360445,0.07472006884421745,0.09621376030586812,0.0052997643444159005,0.039304989249208666,0.10662415876420275,0.30167822012290985,0.09305474934218924,0.0,0.010049715603125398,0.05545953738432003,0.05771956856199077,0.017026491742243643,0.010748356686847281,0.35542151352877654,0.44178583654069586,0.6954262031627889,0.03935660581435274,0.003859935656456234
