,r5_jinbo_1dang_Gangwon,r5_jinbo_1dang_Gyeonggi,r5_jinbo_1dang_Gyeongnam,r5_jinbo_1dang_Gyeongbuk,r5_jinbo_1dang_Gwangju,r5_jinbo_1dang_Daegu,r5_jinbo_1dang_Daejeon,r5_jinbo_1dang_Busan,r5_jinbo_1dang_Seoul,r5_jinbo_1dang_Ulsan,r5_jinbo_1dang_Incheon,r5_jinbo_1dang_Jeonnam,r5_jinbo_1dang_Jeonbuk,r5_jinbo_1dang_Jeju,r5_jinbo_1dang_Chungnam,r5_jinbo_1dang_Chungbuk,r5_bosu_1dang_Gangwon,r5_bosu_1dang_Gyeonggi,r5_bosu_1dang_Gyeongnam,r5_bosu_1dang_Gyeongbuk,r5_bosu_1dang_Gwangju,r5_bosu_1dang_Daegu,r5_bosu_1dang_Daejeon,r5_bosu_1dang_Busan,r5_bosu_1dang_Seoul,r5_bosu_1dang_Ulsan,r5_bosu_1dang_Incheon,r5_bosu_1dang_Jeonnam,r5_bosu_1dang_Jeonbuk,r5_bosu_1dang_Jeju,r5_bosu_1dang_Chungnam,r5_bosu_1dang_Chungbuk,r5_gita_dang_Gangwon,r5_gita_dang_Gyeonggi,r5_gita_dang_Gyeongnam,r5_gita_dang_Gyeongbuk,r5_gita_dang_Gwangju,r5_gita_dang_Daegu,r5_gita_dang_Daejeon,r5_gita_dang_Busan,r5_gita_dang_Seoul,r5_gita_dang_Ulsan,r5_gita_dang_Incheon,r5_gita_dang_Jeonnam,r5_gita_dang_Jeonbuk,r5_gita_dang_Jeju,r5_gita_dang_Chungnam,r5_gita_dang_Chungbuk,r6_jinbo_1dang_Gangwon,r6_jinbo_1dang_Gyeonggi,r6_jinbo_1dang_Gyeongnam,r6_jinbo_1dang_Gyeongbuk,r6_jinbo_1dang_Gwangju,r6_jinbo_1dang_Daegu,r6_jinbo_1dang_Daejeon,r6_jinbo_1dang_Busan,r6_jinbo_1dang_Seoul,r6_jinbo_1dang_Sejong,r6_jinbo_1dang_Ulsan,r6_jinbo_1dang_Incheon,r6_jinbo_1dang_Jeonnam,r6_jinbo_1dang_Jeonbuk,r6_jinbo_1dang_Jeju,r6_jinbo_1dang_Chungnam,r6_jinbo_1dang_Chungbuk,r6_bosu_1dang_Gangwon,r6_bosu_1dang_Gyeonggi,r6_bosu_1dang_Gyeongnam,r6_bosu_1dang_Gyeongbuk,r6_bosu_1dang_Gwangju,r6_bosu_1dang_Daegu,r6_bosu_1dang_Daejeon,r6_bosu_1dang_Busan,r6_bosu_1dang_Seoul,r6_bosu_1dang_Sejong,r6_bosu_1dang_Ulsan,r6_bosu_1dang_Incheon,r6_bosu_1dang_Jeonnam,r6_bosu_1dang_Jeonbuk,r6_bosu_1dang_Jeju,r6_bosu_1dang_Chungnam,r6_bosu_1dang_Chungbuk,r6_gita_dang_Gangwon,r6_gita_dang_Gyeonggi,r6_gita_dang_Gyeongnam,r6_gita_dang_Gyeongbuk,r6_gita_dang_Gwangju,r6_gita_dang_Daegu,r6_gita_dang_Daejeon,r6_gita_dang_Busan,r6_gita_dang_Seoul,r6_gita_dang_Sejong,r6_gita_dang_Ulsan,r6_gita_dang_Incheon,r6_gita_dang_Jeonnam,r6_gita_dang_Jeonbuk,r6_gita_dang_Jeju,r6_gita_dang_Chungnam,r6_gita_dang_Chungbuk,r7_jinbo_1dang_Gangwon,r7_jinbo_1dang_Gyeonggi,r7_jinbo_1dang_Gyeongnam,r7_jinbo_1dang_Gyeongbuk,r7_jinbo_1dang_Gwangju,r7_jinbo_1dang_Daegu,r7_jinbo_1dang_Daejeon,r7_jinbo_1dang_Busan,r7_jinbo_1dang_Seoul,r7_jinbo_1dang_Sejong,r7_jinbo_1dang_Ulsan,r7_jinbo_1dang_Incheon,r7_jinbo_1dang_Jeonnam,r7_jinbo_1dang_Jeonbuk,r7_jinbo_1dang_Jeju,r7_jinbo_1dang_Chungnam,r7_jinbo_1dang_Chungbuk,r7_bosu_1dang_Gangwon,r7_bosu_1dang_Gyeonggi,r7_bosu_1dang_Gyeongnam,r7_bosu_1dang_Gyeongbuk,r7_bosu_1dang_Gwangju,r7_bosu_1dang_Daegu,r7_bosu_1dang_Daejeon,r7_bosu_1dang_Busan,r7_bosu_1dang_Seoul,r7_bosu_1dang_Sejong,r7_bosu_1dang_Ulsan,r7_bosu_1dang_Incheon,r7_bosu_1dang_Jeonnam,r7_bosu_1dang_Jeonbuk,r7_bosu_1dang_Jeju,r7_bosu_1dang_Chungnam,r7_bosu_1dang_Chungbuk,r7_gita_dang_Gangwon,r7_gita_dang_Gyeonggi,r7_gita_dang_Gyeongnam,r7_gita_dang_Gyeongbuk,r7_gita_dang_Gwangju,r7_gita_dang_Daegu,r7_gita_dang_Daejeon,r7_gita_dang_Busan,r7_gita_dang_Seoul,r7_gita_dang_Sejong,r7_gita_dang_Ulsan,r7_gita_dang_Incheon,r7_gita_dang_Jeonnam,r7_gita_dang_Jeonbuk,r7_gita_dang_Jeju,r7_gita_dang_Chungnam,r7_gita_dang_Chungbuk
r5_jinbo_1dang_Gangwon,0.0,0.007349367499647541,0.5007965028108975,0.003992855508569312,0.0004014139918284976,0.47631495992277084,0.0002824155805385125,4.881199082184327,0.011196060551684456,0.07131437983632308,0.22039713107560688,0.13945910760190466,0.17052565898955468,0.01466720986747163,0.02714468040803896,0.06674770535611148,0.13420525602875988,0.20724597071513476,0.034715867789741534,0.06725596080812281,0.0023752013186396637,0.011600584793344693,1.0082002088092627e-07,0.7299072273762999,0.0010999809067745933,0.0007289727799321584,0.3645786131152933,0.026291379040543003,0.031721859081619605,0.23604077092524106,7.461031558913633e-08,0.007020613395825402,0.48613657060986387,0.19281092909921133,0.0415651740548378,0.07518406702928607,0.12015084728171892,0.04691150966485562,0.14445725162030265,4.881199082184327,0.002679575134532295,0.027142040036521722,0.1261559432641563,0.0012409860164085094,0.0003967864681885449,0.0001291265232500208,0.004192114344348224,0.43818899384217574,0.0025251253355433635,0.0011831779180298228,0.4824941025732235,0.0018455531988744167,0.0027384094636996002,0.5579930590974201,0.009777184376898479,0.018016347910463214,0.32684188830775973,0.16470609686651289,0.0831548216574149,0.2391638116001225,0.015698744891471814,0.5246614084287116,0.0017026233287729398,0.002079947067925615,0.012804110287190522,0.4238495647794527,0.003225174463572747,0.0005424859761748429,0.457092253010524,4.881199082184327,0.0027041720511107106,0.005250774575492258,0.013681035215260227,0.0002053566560274757,0.6797995367852714,0.016668049344575553,0.0006712988324807413,0.7121850489371653,4.881199082184327,0.02446511814690759,0.0017238814511914592,0.0015167147284090542,0.003192192988175503,0.5597434142970157,0.07421957044477222,0.26112878784230187,0.12497546029116133,0.04573719727389029,0.09379570886297592,0.17688494866508014,0.013033823489824597,0.021857337101549815,0.3335900512095359,0.005021746769216483,0.00015162863145420924,0.3651490726288327,0.0024501478660725017,0.0008308931071228046,0.4465707489792966,0.035188920422342715,0.011529235755317432,0.6218828143440741,0.013198095341793774,0.01051852001315693,0.2582494872097086,0.0063394286023662205,0.0004086351857903823,0.3714802273684606,0.015400143533720982,0.004229692448918562,0.1330648536805079,0.12223662881288949,0.4251904648492009,0.20064755570459436,0.0028802252052439713,0.008116256851246825,0.3032302480597847,0.01374017014195434,0.019965908695235533,0.19535775477080228,0.011179492780380593,0.00670193624430282,0.279042000009262,0.007050880378577491,0.06729120090454004,0.05535977252631345,0.062291448022177925,0.1178498874591874,0.2126702024879003,0.006682068488591292,0.0025299216340915406,0.28683695415743904,0.016416754818404843,0.010450016960239616,0.29734124327637523,0.07807296945787073,0.4990600110494947,0.07325596866131497,0.054164523097545395,0.5805735012158727,0.031562554564403655,0.0026245754087499407,0.5338630810473441,0.01816498669596784,0.027554462544413863,0.012356972922644982,0.42640172088065414,0.024689135807225926,0.030844035455218743,0.22798969606253325
r5_jinbo_1dang_Gyeonggi,0.007349367499647541,0.0,0.647813815055404,0.0005073196224525869,0.004313630350233251,0.6188421494782655,0.0047485998530073514,5.859978730705437,0.0004024156579527753,0.032707807341786965,0.31307498595000216,0.21325944363248073,0.25194488682539745,0.0012485286825746102,0.06301095998621942,0.02965136612857963,0.2066551063751324,0.2970467957021602,0.07437537624363716,0.11993438062580072,0.0013669589375605827,0.00048190436058809585,0.0074039635991147434,0.9186396415603373,0.0027607601899873463,0.0034469923940125546,0.4862522265541015,0.005820203151473503,0.06993390236513666,0.3320711653461821,0.0073963217721640245,3.754257895330652e-06,0.6304672984957512,0.27938354135180316,0.013901760199475574,0.130552205440416,0.18888020809068276,0.017051304908386966,0.21952397597201606,5.859978730705437,0.018927668460882313,0.006223044430220537,0.1964953087209468,0.014642512122166502,0.011166668246793202,0.005528731788343157,0.00043961515571468157,0.5736804586565798,0.0012572742453057714,0.002632850465918716,0.6261563287715888,0.0018273982423142737,0.001114177017473017,0.7154474752990829,0.0341633253918429,0.0023453044694763184,0.4412480238088152,0.24474055223044514,0.040837208574303244,0.335855240149758,0.0015613512919189568,0.676040744985182,0.01614253296208179,0.017267519872035307,0.0007504217355865078,0.5566772891961647,0.00083634880527075,0.003896343561433386,0.5960796976857896,5.859978730705437,0.0011361873496159997,0.000175714309021361,0.0009733643961958062,0.010015076322002221,0.8594022806196625,0.0018764042061935188,0.01247057160713181,0.897685761167979,5.859978730705437,0.00498022201536822,0.016207985386325084,0.0021867850679193647,0.0008532666095063448,0.7175164491778652,0.03467649790045074,0.3624003185678085,0.19500082479920317,0.01634854608098548,0.15502366822657873,0.259797894700731,0.040071599364937996,0.003846290932042501,0.44930776195272804,0.00022060134295474008,0.009615016820510212,0.48693139600631064,0.0013111346223185945,0.003235878242319471,0.5836143688810849,0.010335834218626001,0.037388121614434694,0.7909544094564671,0.0008479144473957732,0.03554247280417165,0.35892709977138093,3.724220485824825e-05,0.011229243001563124,0.4944670167395494,0.0441642970755686,0.00042756306003382746,0.20521882818670248,0.06919543468322448,0.5582677550929437,0.2889824281756502,0.019456187359049658,1.8988493314817546e-05,0.412998819168272,0.0009891598686666697,0.051727901228572584,0.2825057070955576,0.0003992837785444306,0.02814372291081313,0.3839692770088534,3.088213869946433e-06,0.11998188256858601,0.10371590350600618,0.026717922838301475,0.18595370042133713,0.30366462031056907,1.584834445090503e-05,0.01852544470374641,0.3933355046303112,0.0017928695719231051,0.035415980988203255,0.4059402330746884,0.03731464100140415,0.6457594029888576,0.12798215458066492,0.021511461143584126,0.7421361345866047,0.06969579269913351,0.01878068174920211,0.686921218605894,0.0023990270087852657,0.00642084946611704,0.038873169494795384,0.5597043604144605,0.005081342755594902,0.06861944852850745,0.322303582470874
r5_jinbo_1dang_Gyeongnam,0.5007965028108975,0.647813815055404,0.0,0.6071612700703035,0.533312029841849,0.00018843263549473115,0.5279941398948466,0.3611618872539579,0.685243644799475,1.027305566677318,0.04365980104707313,0.09249144095655694,0.06989297132221359,0.714518678877999,0.2753378124475328,1.006971748702834,0.09693923019353248,0.049606086664890955,0.251258645738338,0.17878185050227127,0.5818459140092729,0.6888335299210235,0.5002902009413177,0.010601261000835725,0.5552300788300729,0.5448767688991506,0.007311726076626602,0.7963363684922562,0.2602864930893857,0.03734190769126934,0.5003609383857027,0.644259647146626,6.631314876616077e-05,0.05688241404332887,0.8844476924653919,0.1657137147992794,0.10991248046639772,0.9122840027382416,0.0884443834771048,0.3611618872539579,0.4219502385242032,0.8016859183619034,0.10416729138827088,0.4463326038979789,0.46957687236766904,0.5191008129899577,0.6099243747133727,0.001327419528499337,0.5844712806824234,0.5573103039152881,0.00010407917673926383,0.5718927394514067,0.5880858106539134,0.0008839202776225871,0.3566025179066789,0.7401496029896247,0.012952088572157072,0.07369411723785532,1.0780962394169644,0.036171121759082735,0.7226461035069187,0.0001635081155946449,0.43734672194031615,0.43094177613911433,0.6992155217144581,0.0020633458356689094,0.5958815984047507,0.5387020929757638,0.0006232505107748908,0.3611618872539579,0.5875145197188144,0.6237132614306723,0.7065257171739943,0.47822555921029775,0.007019502041077696,0.7300863575418723,0.46040431358372386,0.009285068100619832,0.3611618872539579,0.7846190661743545,0.436966609861169,0.5650296142821162,0.595371118893713,0.0009359011912431158,1.0400125667607756,0.02870664181257122,0.10527195223985994,0.9062727303207855,0.13941121810296667,0.06593987859199023,0.33670232088390223,0.7672753031022899,0.011787559330573207,0.6208437738892313,0.4813671665476441,0.007241765537044378,0.5831675636148228,0.5479310089508975,0.000979435131592492,0.8494640008825277,0.34546549999009896,0.003540971918430843,0.7025247518586331,0.3517534719680483,0.029612348727470407,0.636655996374147,0.4691224521405666,0.006493304525852065,0.3241123493779902,0.6104388033365932,0.09793206498493748,1.2313119091478464,0.0019867002168542387,0.05282947266774218,0.4191926354630563,0.6558463245164398,0.01763185450685977,0.7070115760921765,0.3029337573101495,0.05553758223438861,0.6850954641870708,0.37950028036445815,0.023521364815796274,0.6445898472667626,0.17872082906674455,0.20112856924433115,0.9866670050104914,0.11219943167470725,0.047078857102574354,0.6405230269565956,0.4240816804144944,0.021491691859351746,0.728174773906146,0.352192705641348,0.018957173870130514,1.05661311876711,9.079617022239562e-07,0.16877498791464088,0.9482883557550037,0.0016517610954233427,0.2607836756992694,0.4227257966361063,0.00030864437095895307,0.7412400457271849,0.8042561670003431,0.3405628151168446,0.0019188842930731543,0.7860742685036237,0.26304858397152386,0.04049637420040905
r5_jinbo_1dang_Gyeongbuk,0.003992855508569312,0.0005073196224525869,0.6071612700703035,0.0,0.0018616119003617808,0.5794020743238856,0.0021508447549837446,5.593740909010873,0.001813597854133174,0.04139855987237287,0.2870501729972494,0.19228558000408913,0.22893478627105812,0.00334821162115358,0.05212543530834193,0.03794765819725247,0.18604183745016833,0.2717929885198584,0.06248488122923032,0.104588227362552,0.00020872036719428357,0.0019783550027732966,0.004033106129309693,0.8667036544893915,0.0009008837166705388,0.0013090872201778035,0.4524355954745446,0.009768079781113721,0.05842699529569295,0.30514739399516133,0.004027469066509862,0.0004237857490051473,0.5905402749003468,0.25499434688352285,0.019732212525107276,0.11449085857488099,0.1692598145281599,0.023456336074285808,0.1982118791094592,5.593740909010873,0.013226548299396283,0.010288203183751024,0.17644535537442166,0.0096918574256862,0.006909429109131719,0.0026853787098395122,2.4232058590790105e-06,0.5361391555379335,0.00016726315363306977,0.000828483197039322,0.5864098079374812,0.0004089250819824253,0.000117820669160296,0.6719747507667845,0.02631424466552655,0.005035489887867804,0.4093876720273885,0.22210078613785095,0.05049688576012999,0.3087541523575375,0.003849484414494432,0.6342098474694189,0.01091817093229741,0.011846045355832398,0.0024921310133175258,0.5198544907229243,4.0901456934821015e-05,0.0015912010062634763,0.5575950875865581,5.593740909010873,0.0001250498718475216,8.589010344728105e-05,0.0028865933298967486,0.006010739795246647,0.8099380784908923,0.004336065005119821,0.007942140887033752,0.8466248443381984,5.593740909010873,0.008669765107475406,0.010971972896920819,0.0005873898940765166,4.470831423894527e-05,0.6739575946081338,0.043611812626447505,0.33407008577596276,0.17503466062636272,0.022630257383468785,0.13740272039131518,0.23638820739066663,0.031521843859453794,0.007149712642748843,0.41709450754934785,5.884099751420806e-05,0.005701890563378519,0.45308548702331114,0.00018726421675506998,0.0011802994888364046,0.5456542972094555,0.015430942320310718,0.029149928217265794,0.7443400549713719,0.0026673870987052734,0.027524891420538572,0.3307563103729879,0.00026964409156615167,0.006958641482501436,0.46029669079670166,0.03515814424995997,3.4079126474954218e-06,0.1846845476077505,0.08165213139617081,0.5213776491002424,0.26412131424944457,0.013668600001767249,0.0007226233392529455,0.3823857269060095,0.0029137547247646695,0.041928812787270106,0.25796245888624425,0.001806941153590251,0.02107220155316672,0.3546572655100101,0.0004312402837130802,0.10463246986462992,0.08951814446010378,0.03461637909135695,0.1665001669481983,0.2780909970576423,0.0003438264209914745,0.012890929627956259,0.36360133095251235,0.004208549965887667,0.02741372034746653,0.37564155459277415,0.04656726397072361,0.6051927228608078,0.11209154119287434,0.028646690281091028,0.697552709815504,0.05820976599219328,0.013103819799324144,0.6446366948017476,0.005114091585399494,0.010542212543718683,0.03046126894230057,0.5227534764161952,0.008803078229288969,0.057228227253904335,0.29584014926590907
r5_jinbo_1dang_Gwangju,0.0004014139918284976,0.004313630350233251,0.533312029841849,0.0018616119003617808,0.0,0.507810689831571,1.0432532983981708e-05,5.1017012094705105,0.0073534794358501715,0.06093840827537497,0.24052831377496714,0.15525914591257417,0.1880758937975736,0.01020934733302329,0.034183693719397334,0.05672726226933017,0.14969474616156042,0.2267182053242194,0.04263452362569438,0.07818762152692431,0.0008235133755853056,0.007681834983674897,0.00041423884696495036,0.7718791773012867,0.0001723823733922143,4.849255050585555e-05,0.39133089314924074,0.02017902898723696,0.03930494383814889,0.256939321217423,0.000412434484984096,0.004062740483697376,0.5180419783282257,0.21154330735260582,0.03376345211426833,0.08673704295745771,0.1347842962483919,0.03859338077321335,0.16054841198100941,5.1017012094705105,0.005156785799643567,0.02092456325894569,0.14115992659140164,0.003054613317583072,0.0015965686524672638,7.519766836783064e-05,0.0019983985336629213,0.46808574856223156,0.0009127160393361308,0.0002062291506351472,0.5142476678787306,0.0005254135152025496,0.0010426389996740816,0.5928773323887832,0.014149208673500384,0.013030318061934325,0.3519377974881927,0.1819384478373281,0.07190487731746259,0.2602136058781037,0.011072371593389592,0.5581671949245095,0.0037583632172694253,0.004309980468826673,0.008666225323286099,0.4531405927110686,0.0013505380898382983,1.0600235315095033e-05,0.48778368495615504,5.1017012094705105,0.0010215588904565042,0.002747517538477292,0.009389855709164362,0.0011810897457172724,0.7197040498693834,0.011888259651382606,0.002111233309673801,0.7534252777310546,5.1017012094705105,0.018584270516336786,0.0037899246028125777,0.000357500785156473,0.001329230680681602,0.594699964763224,0.06362309346474214,0.2832259667131129,0.13990718884490488,0.03752993374244459,0.10670089334191622,0.19477796717015716,0.01802248692699255,0.016322360786462486,0.35898503014207195,0.0025826051879914956,0.0010465357514163453,0.3919261152040501,0.0008678735770641776,7.725004967186044e-05,0.47682036762971414,0.028047557065175283,0.016243793829331242,0.6594012309624762,0.008990714374023531,0.015038901900740385,0.28021090032756235,0.003548895397294763,0.0016202527654001937,0.3985316029299548,0.020790075444565993,0.0020243622921910197,0.14848629334531616,0.10845856358346273,0.4545382519322161,0.2197838795359015,0.005433841167672038,0.0049053639600838694,0.3272681593522821,0.009438831139943774,0.02605225884272546,0.21422202928575299,0.007340060126268283,0.010388813643058999,0.3019745239309465,0.0040857640188504095,0.07822569497770006,0.06529215746993042,0.052629411247152355,0.13233933208654172,0.232415862563149,0.003806300122498135,0.004948270542619301,0.31012834385684274,0.011676305131315436,0.014956911318487302,0.3211121973623381,0.0671903055067562,0.5315033476527043,0.08466069241958524,0.045189601290971965,0.6163895604575612,0.039127366327867535,0.0050803487903613755,0.567749876551396,0.013156694728478732,0.021286600905216127,0.01722437236498961,0.4558007579626771,0.018779443644185947,0.03832587201363487,0.24849541745028264
r5_jinbo_1dang_Daegu,0.47631495992277084,0.6188421494782655,0.00018843263549473115,0.5794020743238856,0.507810689831571,0.0,0.5026584348174015,0.40072021698038807,0.6551725423091368,0.9877618076521286,0.037877623154716746,0.08368474316544876,0.0623782951713026,0.6835981107130359,0.25855230416198516,0.9679676527977834,0.08789305349298042,0.04340055234385197,0.23538903772442551,0.16585609329014236,0.5548522281615055,0.6586577822561737,0.47582467416867585,0.013700281884501092,0.5290505822411242,0.5190167169608777,0.005136176749287253,0.7630856151898411,0.24407046187063247,0.03203689969772604,0.4758931736777758,0.6153931984075838,3.116741465104464e-05,0.050186213387901565,0.8487513096504437,0.15335744572671114,0.10018995401939883,0.8758272214463211,0.07985936072933703,0.40072021698038807,0.400019544101553,0.7682848956719589,0.09474045215894329,0.4236001895120922,0.44609127104072094,0.4940430952623475,0.5820821270323229,0.000514813719545819,0.5573978132969145,0.531066811994031,1.2421126128999262e-05,0.5452023689980052,0.560902653565685,0.001891329406398844,0.3368878973001652,0.708492358571446,0.009975987747564362,0.06595197179567859,1.037214987022182,0.030958186076055022,0.6914912448758603,0.0007034182548349838,0.41490833445876346,0.40871397958644806,0.6687378996765928,0.0010028424591696306,0.5684624530190646,0.5130333136277658,0.00012615610602883728,0.40072021698038807,0.5603486879243366,0.5954579804731467,0.6758362067817522,0.4544623155983109,0.009553189789294867,0.6987175868812504,0.437214690818326,0.012187465389572043,0.40072021698038807,0.7516983088594847,0.4145406964192704,0.5385491901230914,0.5679674019400635,0.0019671668171664467,1.0001328035309107,0.024113894149087902,0.09578780561724204,0.8699796902665151,0.12824984978789525,0.05866696204147427,0.31768499398433114,0.7348452039432343,0.008960598222610533,0.5926742521535513,0.4575034069229877,0.00507772505886734,0.556133702922423,0.5219765564409788,0.0003082585504978414,0.8147313367581084,0.32613968509001656,0.005379970078132834,0.6719511429715933,0.33220769976707915,0.02494090459839839,0.608015139292931,0.44565147680425404,0.004455893272418902,0.3055423571540937,0.5825811038777731,0.08883299449054459,1.1864783489269772,0.0009497062586821432,0.04640319505771773,0.3973534092282349,0.6266374011539856,0.014111105203849063,0.676308002247003,0.28512800347919504,0.048930056734473565,0.6550286840967292,0.35899702650029514,0.019401996275285688,0.6157136171820178,0.1657976981107715,0.18725987799788374,0.948204303697631,0.10236077687465436,0.041050536450789724,0.6117673547436188,0.40208040081027785,0.017570074801624706,0.6968609110239193,0.3326316113981718,0.015294681656968153,1.0162958024518725,0.00016317332353550868,0.1562840036940704,0.9108560612916788,0.002962020271055691,0.24454867481878645,0.40076940728904037,0.0009802137653913494,0.7095516006289239,0.7707830318447803,0.32140930432229703,0.0009030675210414743,0.7531124636047211,0.24672730724668862,0.03494919973676468
r5_jinbo_1dang_Daejeon,0.0002824155805385125,0.0047485998530073514,0.5279941398948466,0.0021508447549837446,1.0432532983981708e-05,0.5026584348174015,0.0,5.065810504565417,0.007918427968590463,0.06255509753492207,0.2372200244698784,0.15265242064363016,0.18518576265570985,0.010873400265071144,0.03299360930253492,0.05828675104308133,0.147138293713466,0.22351670228910983,0.04130235574033657,0.07636852298768726,0.0010193500694590674,0.008259052820001694,0.00029318888679707826,0.765024601374041,0.000267632712859886,0.0001039101664552242,0.38694875468516554,0.02110951167770378,0.038026982742088974,0.25350665452767074,0.00029167122404109673,0.004485165220357905,0.5128231861719738,0.20846168179588398,0.03496589375288972,0.08481748380724717,0.1323664016623776,0.03987893769471414,0.15789455490910265,5.065810504565417,0.004703015419150983,0.02187197204659383,0.13868206163791488,0.0027078799585377004,0.0013488340495129807,2.9612042167346912e-05,0.002297698152853283,0.4631931539337114,0.0011183386228947913,0.0003094339308499644,0.5090535373583944,0.0006839325330864204,0.0012616959033249185,0.5871746366968665,0.013389704374373548,0.013779433806454272,0.34782443473270297,0.17909980059408273,0.07366216435559142,0.2567564224479696,0.011763564644529441,0.5526884482434279,0.00337257874266593,0.0038960822016787314,0.009278740511146182,0.44834634785824684,0.001598419828181992,4.206498856654164e-05,0.48276204836783454,5.065810504565417,0.0012384954058191448,0.003096694571119444,0.010027061972920977,0.0009694853382502706,0.7131855308544641,0.012604160932006704,0.0018247695486339824,0.7466896459394393,5.065810504565417,0.019477478565665972,0.0034024782305752885,0.0004900829234167365,0.001575231139386228,0.5889855260451909,0.0652752578106179,0.2795989783863754,0.13744101867518654,0.03879764763245869,0.10456263591442609,0.19183231469054715,0.017163454180965522,0.017159876290537494,0.35482314411073135,0.002921451359204595,0.0008479648788193069,0.3875399579637874,0.001068639601363287,0.0001444609341203825,0.47187047572217616,0.02914370299635058,0.01542900493240141,0.6532705099365016,0.009614423345587333,0.014255453439056279,0.27660592498039127,0.003944359197937092,0.0013706095306175309,0.394100922324768,0.019866267530079744,0.002325533430753566,0.14594085663230819,0.11062244342969038,0.44973479166492175,0.21663680617312037,0.0049677453719676745,0.005368552173831795,0.32332643122861093,0.01007767376108766,0.025016014741448607,0.2111190344390147,0.007904501498515543,0.009739876772420074,0.2982120788132987,0.004509355761655627,0.07640613835167884,0.0636345960691415,0.054131233008641796,0.1299447427458885,0.22917005144253316,0.004215496706832269,0.004503995360491429,0.30630769876877983,0.012385870644307823,0.014175639713413409,0.3172137708517346,0.06888850988750532,0.5261971835192004,0.08276510576010213,0.04658085730620684,0.6105354692521067,0.03785235683594286,0.004630036549965487,0.5622092343923624,0.01390939564915937,0.022242121866173206,0.016384913450504718,0.4509889766796237,0.019677296097950908,0.03706426517645349,0.24512642452746164
r5_jinbo_1dang_Busan,4.881199082184327,5.859978730705437,0.3611618872539579,5.593740909010873,5.1017012094705105,0.40072021698038807,5.065810504565417,0.0,6.102518359563503,8.229201796942814,1.185571121744982,1.7107587208371469,1.4805070847461208,6.290606662864688,3.261174034968168,8.106502541452944,1.7542721637487282,1.2560016319404972,3.0748625135264556,2.488674494354223,5.426352557410343,6.125656850087186,4.877745219857325,0.13348829660402453,5.2489488584178,5.179528416927347,0.641809106088769,6.809454245885805,3.1451327791647774,1.107598803129622,4.878227811401099,5.836822424122508,0.384371733111265,1.3390077448956197,7.3582071609113795,2.37782938053161,1.8784520688025974,7.529635379785729,1.670702721128189,0.0,4.334952823847882,6.843052332481638,1.8239349951128057,4.505771897506548,4.666986420536486,5.00564089521692,5.611934704592527,0.4708124508216304,5.443771469598473,5.262868666964361,0.3903581091077557,5.360185906951111,5.467730412997204,0.28284198897640866,3.8673534510852825,6.454189692043836,0.7523065506071158,1.5204611548162204,8.533991714373759,1.0927341676914966,6.342585766965427,0.3262378246850201,4.44302888988243,4.398158317526217,6.192456171793271,0.5001546258039554,5.519315446461653,5.138012512063858,0.434687868689416,0.0,5.463945364929035,5.702511056244738,6.239387780941046,4.726586928959723,0.1665849252089773,6.390081716790339,4.6035514177762344,0.14440174343656534,0.0,6.735729011851687,4.4403694598957095,5.3144406608033385,5.51594129059138,0.2807231757424341,8.305678918877868,0.994221040597841,1.834473811653242,7.492689612975863,2.148392641220928,1.4383350253091598,3.721734125334663,6.626257149332253,0.7312118503355565,5.683691508673464,4.748186806526063,0.64027126182365,5.435123260902616,5.200032208438971,0.45444754349163685,7.141481442174649,3.786062300802,0.21460441408041947,6.213711981463779,3.832021766127429,1.0065609049149857,5.78720692083254,4.663849255236404,0.6234501218475349,3.628727863811494,5.615320364024209,1.76391593933646,9.440045713567377,0.49733658340367,1.2931672862955155,4.315517282437324,5.912230540877387,0.8311929975923265,6.242504015248132,3.4706168708317064,1.3239012385362074,6.101562813376498,4.032949096949046,0.9210339843565511,5.8389747074246054,2.4881612356025236,2.674142916865213,7.983576238631374,1.8999569673695818,1.22638170173919,5.812453125019288,4.349958624370969,0.8910092575962623,6.377886835234076,3.8352260906373865,0.8521793107201965,8.405362510163448,0.3638388864394852,2.4039671063379084,7.7500908513352975,0.2566455995305081,3.148987776384695,4.3404145819499185,0.3136587409110052,6.461127339003938,6.859181384753184,3.7501133621912746,0.49480439007351285,6.7448952510700115,3.16652984794403,1.1469773802049088
r5_jinbo_1dang_Seoul,0.011196060551684456,0.0004024156579527753,0.685243644799475,0.001813597854133174,0.0073534794358501715,0.6551725423091368,0.007918427968590463,6.102518359563503,0.0,0.025834553950199346,0.3372664518762089,0.23289708184581778,0.27341704055145954,0.00023326386225687099,0.07358813388897485,0.023128274425147505,0.22596806512043321,0.3205424478570408,0.08585294207344246,0.13451171331060913,0.0032533121838930375,3.5793720845138897e-06,0.011263456237563932,0.9663117749284067,0.0052725852239324245,0.0062067222339487055,0.5174877390140562,0.0031607221821718275,0.08106773971564135,0.3570742158673936,0.011254025677750405,0.0004839116581784632,0.6672392089823194,0.30209918884935594,0.009568776525937857,0.14577179312347607,0.2072994878695235,0.012207805406683911,0.23946621267075335,6.102518359563503,0.024867516274998988,0.0034592686085676214,0.21530117634759743,0.019912113725444595,0.01581719930457913,0.008917623501016977,0.0016834086267120511,0.6082897063922759,0.0030828174266666272,0.005095184536011481,0.662764571284207,0.003945712276742685,0.0028562503735189634,0.7554356117533378,0.04202295049061877,0.000804567335816752,0.4707131049784088,0.2658789234054999,0.03310405766190025,0.3610184098802653,0.00037837511330723883,0.7145393416788803,0.021656555250160615,0.022957584473972163,5.377376382223334e-05,0.5906354584314587,0.0023993742261185086,0.006805206745404677,0.6315439097639425,6.102518359563503,0.002891434150449273,0.001110027861785632,0.00012404798288873954,0.014439872936238302,0.9048294000099377,0.0005407887822068726,0.017363192807107526,0.9445630431007688,6.102518359563503,0.002550485939731624,0.02173241228212225,0.0044663811359296895,0.0024279758547531595,0.7575827387602749,0.027586172761319444,0.3886737490003704,0.21373127862724928,0.011614607085350732,0.17164464928043582,0.28163026242774786,0.04855792669789036,0.0017599923220236527,0.47909213448558735,0.0012190008226663739,0.01395840838175897,0.5181934134686332,0.0031668558283850894,0.005922198159097329,0.6186031420561307,0.006656377397730805,0.04559575113708206,0.8337939109219553,8.204842032240312e-05,0.04355278844529041,0.3850564767141864,0.0006845192360085597,0.015891701766983415,0.5260227418964699,0.053058962142838784,0.0016597407760107832,0.22446067369076605,0.05898164358016418,0.5922869103741515,0.3121237766370729,0.025473275979239915,0.00024657040525108247,0.4413357492724215,0.00012972713285376754,0.061332237840665965,0.3053603106070953,6.116875727682773e-09,0.035308145655010656,0.41112992427319633,0.0004760130244640358,0.13456214172517078,0.11726247453751769,0.0205480411967241,0.20422283523908658,0.32744886967559944,0.0005779949350383836,0.024405796763787707,0.4208777573798372,0.0004963904012544006,0.04341259470510919,0.4339928549158998,0.029942704139408152,0.6831113632449249,0.14304839865664876,0.01601934295382724,0.7831321905930134,0.08081092143840153,0.024698860406203726,0.7258313206255902,0.0008361535190315288,0.0036070949253661604,0.04723617752754625,0.5937785864055738,0.002622975534346761,0.07964963510961542,0.3468909977989655
r5_jinbo_1dang_Ulsan,0.07131437983632308,0.032707807341786965,1.027305566677318,0.04139855987237287,0.06093840827537497,0.9877618076521286,0.06255509753492207,8.229201796942814,0.025834553950199346,0.0,0.5660741371636955,0.4232931010240676,0.4792458317098288,0.021147429668776835,0.18866265100884322,7.450175629091296e-05,0.41363881949837467,0.5434590961108384,0.20834337511243728,0.28265062142271746,0.047517212771655645,0.025228357285384306,0.07148551073534157,1.396958378713346,0.05458791927265279,0.05752601808818246,0.8063154096028347,0.010902741832272703,0.20072529956043475,0.592762457424479,0.07146158308341699,0.03341489905788522,1.0036314597553357,0.5184210597356923,0.00394564479892983,0.29924770026711456,0.3874786337474945,0.002515594213097022,0.43242062695732625,8.229201796942814,0.10198841578442104,0.01036714724705981,0.39871929256020816,0.09158015082308298,0.08245585660143444,0.06532753056271721,0.04076469623469439,0.9260689774489501,0.04685595506151438,0.0540105788823637,0.9977469033290182,0.050082204332267524,0.04595585196644514,1.1195723122599472,0.13480759613178528,0.017504552787632882,0.7443958977672335,0.468895502771849,0.0004475815111952691,0.5980652954564573,0.019947063362537515,1.0658180421679446,0.0953121689227519,0.09804540057254918,0.02352528244362667,0.9028190050906241,0.04405459172339818,0.059330541054991415,0.9566768485779217,8.229201796942814,0.046097327372705,0.037697622560394786,0.02236998123923878,0.07924633608545686,1.3160182138355372,0.018885297775650844,0.08596779884532828,1.3683185907814446,8.229201796942814,0.012130560978004287,0.09547265775953781,0.05190541744347875,0.04417743075798937,1.1223944507803154,2.858077786861441e-05,0.6351516870548114,0.396517340787124,0.002795338871994825,0.3367926858700585,0.4904960528722304,0.14647063682454314,0.014089197438467156,0.7555035746283664,0.03832285061399958,0.07810436052515174,0.8072480849497382,0.04718353514986805,0.05664796890376275,0.9396459926791481,0.0062476522877788765,0.14122708199364536,1.2225797959463869,0.022997850299812425,0.13756981064022866,0.6303097628379082,0.034960667701046166,0.08262719643628971,0.8175933677674587,0.15431688234518717,0.04064740373017024,0.41153477284900475,0.006698070919846075,0.9049944417589226,0.5320436599853086,0.10322309667558097,0.031145414629375312,0.7053873803299023,0.022294462611567076,0.1684114077529068,0.5228563142632072,0.025859769411640213,0.122412728551691,0.6651567846627741,0.033348794902052906,0.2827253505346924,0.25685227565487523,0.00030092793203282883,0.38314473812523786,0.55280798446818,0.03416886399941277,0.10104233490223907,0.6781548203312285,0.019154740816114096,0.1373175424901929,0.6956198361235578,0.0001507062679803597,1.024502072723105,0.2952493476262329,0.001162598671542215,1.1559770434796748,0.20031435673919318,0.10164334156079285,1.0806608053092464,0.017358703932810624,0.010115305860588501,0.1441392355419378,0.9069593078972518,0.011973946076499653,0.19845338681952746,0.5790542724820832
r5_jinbo_1dang_Incheon,0.22039713107560688,0.31307498595000216,0.04365980104707313,0.2870501729972494,0.24052831377496714,0.037877623154716746,0.2372200244698784,1.185571121744982,0.3372664518762089,0.5660741371636955,0.0,0.008342740565340335,0.002847655263026246,0.3563286816974441,0.08951461920115034,0.552160322872799,0.009647089704934542,0.00017727447284788178,0.07686383572570052,0.04147767214173673,0.2709866099600716,0.3395975095105794,0.22008555036726668,0.10341957774920761,0.2542257003328312,0.24774329443087606,0.014740967684356829,0.41019563641033313,0.08156358095097745,0.00023196319658931857,0.2201290789573368,0.3107889888020559,0.040174137998604184,0.0008133628717154765,0.4690622284051231,0.03565884239627387,0.013782994188733213,0.4878227965991061,0.007212484813236372,1.185571121744982,0.1726586216777494,0.4137457174139051,0.011894171265053124,0.18724242944811176,0.2012997508234211,0.23170103464579345,0.2888103102640288,0.02930151298471238,0.2726471367418871,0.25553075549802207,0.03931867101483507,0.2647029295857784,0.27493536913125133,0.057812791544521874,0.13451234319516156,0.3731132724756899,0.00868133629462384,0.003618837721822192,0.6009673747461919,0.00033112841572407146,0.3616416138538412,0.04946719981543031,0.18184770469083492,0.17801656030499569,0.3463492493168824,0.026235507311422476,0.27987866051304866,0.24388759567064694,0.033482012473092265,1.185571121744982,0.27457354633616937,0.29761345435789693,0.3511123374130915,0.20656621064052272,0.08984489450407167,0.36651302140907543,0.19573530919695042,0.09860341990383033,1.185571121744982,0.40243125634925925,0.18162000789355665,0.26038098592883135,0.2795546331681879,0.05825761196497633,0.5747855693196672,0.0014760655368933166,0.012250575974957621,0.48376521188887234,0.024660468820582697,0.0021243802140130056,0.12321054025278019,0.39096813803307234,0.009678146656794017,0.2957788704769535,0.20848389017750962,0.014841039977575497,0.27182238590525715,0.24965336396891286,0.031136636184857423,0.44559232762840045,0.1281672196803895,0.07438455920883512,0.34850452140479166,0.13174353124816074,0.0012837955335829173,0.3059051366975643,0.20102356676920713,0.015967028485372493,0.11614763672343646,0.2891381537679262,0.009946673538842193,0.7073109674046598,0.026518098055707217,0.0004074180936457167,0.17102027938296005,0.31824866136314456,0.0055339324043764924,0.35142916858862594,0.10443260886650277,0.0006650852631033847,0.3371702719237391,0.14770904228101023,0.0029314071102973325,0.3110012856392563,0.04145002015403616,0.05187811451905747,0.538299529805368,0.014558323394368796,6.0271283317653605e-05,0.30838779266220784,0.17392653192051283,0.0036949099755109686,0.365260743182391,0.13199394737161813,0.004838418148801793,0.5861848447685835,0.043243481685991014,0.03700279555378283,0.5121949006610352,0.06359506954212335,0.08182396004051012,0.1731198115153285,0.05174588170682193,0.37382925095295116,0.41545254639203066,0.12539013379357195,0.026774115151352453,0.4033946688055015,0.08301211784915968,5.581351245639117e-05
r5_jinbo_1dang_Jeonnam,0.13945910760190466,0.21325944363248073,0.09249144095655694,0.19228558000408913,0.15525914591257417,0.08368474316544876,0.15265242064363016,1.7107587208371469,0.23289708184581778,0.4232931010240676,0.008342740565340335,0.0,0.0014357545881500955,0.24845683792450168,0.04240221973243526,0.411534771457541,4.698548153529497e-05,0.006080697899128393,0.03395365106707524,0.012439745931081242,0.17942772522806338,0.2347959382071902,0.13921577574145605,0.17872210945026504,0.166091499441629,0.16095720561227575,0.045848398667467274,0.2927816704854419,0.037058346981741146,0.01137264572799215,0.13924976747182394,0.21141052829088497,0.08720138179272097,0.003936621671961909,0.34172611225885163,0.009380219464521732,0.0006731781385087869,0.35741910887041095,4.08400789483291e-05,1.7107587208371469,0.10268745136075194,0.29571948544752824,0.0003114275956942712,0.11380243163841221,0.12461975512431506,0.1483125066889044,0.19369872036360863,0.07027665173598639,0.18075352257224725,0.16712678983512952,0.08589450353619787,0.17441799861345508,0.18258178607432904,0.1135175925809654,0.07424880467093424,0.26221467352426936,0.0343681002735404,0.00096751596981208,0.452858323182311,0.012017943104250587,0.25280609793124265,0.10119672773701606,0.10967741435652381,0.106757415819111,0.2403020542511325,0.06534931490440707,0.18653643525550095,0.15790994805066869,0.07687290546194045,1.7107587208371469,0.1822925959490247,0.20077843684168825,0.24419184859687168,0.12869626453172073,0.15955163496043243,0.2567985142735524,0.12032642406440161,0.17193479045866278,1.7107587208371469,0.28636310698021294,0.1095036470578969,0.17097913860479944,0.18627700428356578,0.11416907769097319,0.4306641687045631,0.01689792558352396,0.0003710003066494938,0.3540214219925712,0.004267051872279361,0.0020394718105358166,0.06604176697090164,0.2769042984552571,0.03635604149435645,0.19930138684849297,0.13018370737099738,0.04602827061993463,0.18009492596337215,0.16246862097384548,0.07318804305365793,0.32215557198779476,0.06962673982100082,0.13751915343524226,0.24206161492605105,0.07222749318329114,0.016226075455087093,0.20746458308109816,0.1244063210821777,0.04803597151009362,0.06097542484139163,0.1939620221357028,6.9919140466087e-05,0.5435648493838203,0.06580707633440247,0.0050540608017873995,0.10144624014756295,0.2174483592890893,0.02766846878843035,0.24445074699981856,0.05269280122495359,0.004287215253972498,0.2328187586070669,0.08396950612991717,0.021274846808500003,0.21158218273945395,0.012424755936019452,0.01832948698344182,0.3998397996214738,0.0008517563645722044,0.006980037719849678,0.2094697574860369,0.1036490950920486,0.02327832820702899,0.2557717811435135,0.07241002878950861,0.026065007428915574,0.4403198797983987,0.09186239595344314,0.01006893139269733,0.3778670661932616,0.12195147288097892,0.03723158503567567,0.10303713216403168,0.10458075288267987,0.2628026706126849,0.29713262173325405,0.06761530325844896,0.06622112589206489,0.2871590205634768,0.03802367721728909,0.00976985781667164
