{
 "cells": [
  {
   "cell_type": "code",
   "execution_count": 1,
   "metadata": {
    "scrolled": true
   },
   "outputs": [
    {
     "name": "stdout",
     "output_type": "stream",
     "text": [
      "       광역시도  hannara_rate  minju_rate  gita_rate\n",
      "0       강원도      0.439666    0.523703   0.036631\n",
      "1       경기도      0.500906    0.458654   0.040440\n",
      "2      경상남도      0.455566    0.000000   0.544434\n",
      "3      경상북도      0.724908    0.113714   0.161378\n",
      "4     광주광역시      0.140573    0.560488   0.298939\n",
      "5     대구광역시      0.714552    0.165296   0.120152\n",
      "6     대전광역시      0.282589    0.230861   0.486550\n",
      "7     부산광역시      0.546410    0.439369   0.014221\n",
      "8     서울특별시      0.471315    0.465348   0.063337\n",
      "9     울산광역시      0.604673    0.288760   0.106567\n",
      "10    인천광역시      0.439410    0.521722   0.038868\n",
      "11     전라남도      0.127720    0.651255   0.221025\n",
      "12     전라북도      0.176454    0.665778   0.157768\n",
      "13  제주특별자치도      0.000000    0.392471   0.607529\n",
      "14     충청남도      0.171559    0.407255   0.421186\n",
      "15     충청북도      0.450386    0.502465   0.047149 \n",
      "\n",
      "       광역시도  minju_rate  saenuri_rate  gita_rate\n",
      "0       강원도    0.488045      0.472511   0.039444\n",
      "1       경기도    0.480870      0.490100   0.029030\n",
      "2      경상남도    0.351876      0.574434   0.073691\n",
      "3      경상북도    0.144193      0.750605   0.105202\n",
      "4     광주광역시    0.564921      0.033252   0.401827\n",
      "5     대구광역시    0.397944      0.552113   0.049943\n",
      "6     대전광역시    0.494525      0.461778   0.043697\n",
      "7     부산광역시    0.000000      0.489775   0.510225\n",
      "8     서울특별시    0.556118      0.426331   0.017551\n",
      "9   세종특별자치시    0.568970      0.415707   0.015323\n",
      "10    울산광역시    0.000000      0.598403   0.401597\n",
      "11    인천광역시    0.476942      0.494235   0.028823\n",
      "12     전라남도    0.731359      0.096135   0.172506\n",
      "13     전라북도    0.662649      0.200602   0.136748\n",
      "14  제주특별자치도    0.339193      0.589088   0.071720\n",
      "15     충청남도    0.508613      0.428195   0.063192\n",
      "16     충청북도    0.487302      0.467111   0.045587 \n",
      "\n",
      "       광역시도  minju_rate  hanguk_rate  gita_rate\n",
      "0       강원도    0.632875     0.344798   0.022327\n",
      "1       경기도    0.553927     0.348800   0.097273\n",
      "2      경상남도    0.517476     0.420915   0.061609\n",
      "3      경상북도    0.331081     0.502755   0.166164\n",
      "4     광주광역시    0.826782     0.049675   0.123543\n",
      "5     대구광역시    0.390788     0.528172   0.081040\n",
      "6     대전광역시    0.556384     0.317272   0.126344\n",
      "7     부산광역시    0.544352     0.366274   0.089373\n",
      "8     서울특별시    0.521906     0.230816   0.247278\n",
      "9   세종특별자치시    0.704171     0.178383   0.117447\n",
      "10    울산광역시    0.519637     0.393771   0.086593\n",
      "11    인천광역시    0.567931     0.349079   0.082990\n",
      "12     전라남도    0.739765     0.036889   0.223346\n",
      "13     전라북도    0.684435     0.026467   0.289099\n",
      "14  제주특별자치도    0.392944     0.032031   0.575025\n",
      "15     충청남도    0.608900     0.341666   0.049434\n",
      "16     충청북도    0.599182     0.290638   0.110179\n"
     ]
    }
   ],
   "source": [
    "import pandas as pd\n",
    "\n",
    "aligned_result_r5 = pd.read_csv('./round05_election_result_aligned.csv')\n",
    "aligned_result_r5_df = pd.DataFrame(aligned_result_r5, columns=['광역시도', 'hannara_rate', 'minju_rate', 'gita_rate'])\n",
    "aligned_result_r6 = pd.read_csv('./round06_election_result_aligned.csv')\n",
    "aligned_result_r6_df = pd.DataFrame(aligned_result_r6, columns=['광역시도', 'minju_rate', 'saenuri_rate', 'gita_rate'])\n",
    "aligned_result_r7 = pd.read_csv('./round07_election_result_aligned.csv')\n",
    "aligned_result_r7_df = pd.DataFrame(aligned_result_r7, columns=['광역시도', 'minju_rate', 'hanguk_rate', 'gita_rate'])\n",
    "\n",
    "print(aligned_result_r5_df, '\\n')\n",
    "print(aligned_result_r6_df, '\\n')\n",
    "print(aligned_result_r7_df)"
   ]
  },
  {
   "cell_type": "code",
   "execution_count": 3,
   "metadata": {
    "scrolled": true
   },
   "outputs": [
    {
     "data": {
      "text/html": [
       "<div>\n",
       "<style scoped>\n",
       "    .dataframe tbody tr th:only-of-type {\n",
       "        vertical-align: middle;\n",
       "    }\n",
       "\n",
       "    .dataframe tbody tr th {\n",
       "        vertical-align: top;\n",
       "    }\n",
       "\n",
       "    .dataframe thead th {\n",
       "        text-align: right;\n",
       "    }\n",
       "</style>\n",
       "<table border=\"1\" class=\"dataframe\">\n",
       "  <thead>\n",
       "    <tr style=\"text-align: right;\">\n",
       "      <th></th>\n",
       "      <th>jinbo_1dang</th>\n",
       "      <th>bosu_1dang</th>\n",
       "      <th>gita_dang</th>\n",
       "    </tr>\n",
       "  </thead>\n",
       "  <tbody>\n",
       "    <tr>\n",
       "      <th>2010_Gangwon</th>\n",
       "      <td>0.439666</td>\n",
       "      <td>0.523703</td>\n",
       "      <td>0.036631</td>\n",
       "    </tr>\n",
       "    <tr>\n",
       "      <th>2010_Gyeonggi</th>\n",
       "      <td>0.500906</td>\n",
       "      <td>0.458654</td>\n",
       "      <td>0.040440</td>\n",
       "    </tr>\n",
       "    <tr>\n",
       "      <th>2010_Gyeongnam</th>\n",
       "      <td>0.455566</td>\n",
       "      <td>0.000000</td>\n",
       "      <td>0.544434</td>\n",
       "    </tr>\n",
       "    <tr>\n",
       "      <th>2010_Gyeongbuk</th>\n",
       "      <td>0.724908</td>\n",
       "      <td>0.113714</td>\n",
       "      <td>0.161378</td>\n",
       "    </tr>\n",
       "    <tr>\n",
       "      <th>2010_Gwangju</th>\n",
       "      <td>0.140573</td>\n",
       "      <td>0.560488</td>\n",
       "      <td>0.298939</td>\n",
       "    </tr>\n",
       "    <tr>\n",
       "      <th>2010_Daegu</th>\n",
       "      <td>0.714552</td>\n",
       "      <td>0.165296</td>\n",
       "      <td>0.120152</td>\n",
       "    </tr>\n",
       "    <tr>\n",
       "      <th>2010_Daejeon</th>\n",
       "      <td>0.282589</td>\n",
       "      <td>0.230861</td>\n",
       "      <td>0.486550</td>\n",
       "    </tr>\n",
       "    <tr>\n",
       "      <th>2010_Busan</th>\n",
       "      <td>0.546410</td>\n",
       "      <td>0.439369</td>\n",
       "      <td>0.014221</td>\n",
       "    </tr>\n",
       "    <tr>\n",
       "      <th>2010_Seoul</th>\n",
       "      <td>0.471315</td>\n",
       "      <td>0.465348</td>\n",
       "      <td>0.063337</td>\n",
       "    </tr>\n",
       "    <tr>\n",
       "      <th>2010_Ulsan</th>\n",
       "      <td>0.604673</td>\n",
       "      <td>0.288760</td>\n",
       "      <td>0.106567</td>\n",
       "    </tr>\n",
       "    <tr>\n",
       "      <th>2010_Incheon</th>\n",
       "      <td>0.439410</td>\n",
       "      <td>0.521722</td>\n",
       "      <td>0.038868</td>\n",
       "    </tr>\n",
       "    <tr>\n",
       "      <th>2010_Jeonnam</th>\n",
       "      <td>0.127720</td>\n",
       "      <td>0.651255</td>\n",
       "      <td>0.221025</td>\n",
       "    </tr>\n",
       "    <tr>\n",
       "      <th>2010_Jeonbuk</th>\n",
       "      <td>0.176454</td>\n",
       "      <td>0.665778</td>\n",
       "      <td>0.157768</td>\n",
       "    </tr>\n",
       "    <tr>\n",
       "      <th>2010_Jeju</th>\n",
       "      <td>0.000000</td>\n",
       "      <td>0.392471</td>\n",
       "      <td>0.607529</td>\n",
       "    </tr>\n",
       "    <tr>\n",
       "      <th>2010_Chungnam</th>\n",
       "      <td>0.171559</td>\n",
       "      <td>0.407255</td>\n",
       "      <td>0.421186</td>\n",
       "    </tr>\n",
       "    <tr>\n",
       "      <th>2010_Chungbuk</th>\n",
       "      <td>0.450386</td>\n",
       "      <td>0.502465</td>\n",
       "      <td>0.047149</td>\n",
       "    </tr>\n",
       "    <tr>\n",
       "      <th>2014_Gangwon</th>\n",
       "      <td>0.488045</td>\n",
       "      <td>0.472511</td>\n",
       "      <td>0.039444</td>\n",
       "    </tr>\n",
       "    <tr>\n",
       "      <th>2014_Gyeonggi</th>\n",
       "      <td>0.480870</td>\n",
       "      <td>0.490100</td>\n",
       "      <td>0.029030</td>\n",
       "    </tr>\n",
       "    <tr>\n",
       "      <th>2014_Gyeongnam</th>\n",
       "      <td>0.351876</td>\n",
       "      <td>0.574434</td>\n",
       "      <td>0.073691</td>\n",
       "    </tr>\n",
       "    <tr>\n",
       "      <th>2014_Gyeongbuk</th>\n",
       "      <td>0.144193</td>\n",
       "      <td>0.750605</td>\n",
       "      <td>0.105202</td>\n",
       "    </tr>\n",
       "    <tr>\n",
       "      <th>2014_Gwangju</th>\n",
       "      <td>0.564921</td>\n",
       "      <td>0.033252</td>\n",
       "      <td>0.401827</td>\n",
       "    </tr>\n",
       "    <tr>\n",
       "      <th>2014_Daegu</th>\n",
       "      <td>0.397944</td>\n",
       "      <td>0.552113</td>\n",
       "      <td>0.049943</td>\n",
       "    </tr>\n",
       "    <tr>\n",
       "      <th>2014_Daejeon</th>\n",
       "      <td>0.494525</td>\n",
       "      <td>0.461778</td>\n",
       "      <td>0.043697</td>\n",
       "    </tr>\n",
       "    <tr>\n",
       "      <th>2014_Busan</th>\n",
       "      <td>0.000000</td>\n",
       "      <td>0.489775</td>\n",
       "      <td>0.510225</td>\n",
       "    </tr>\n",
       "    <tr>\n",
       "      <th>2014_Seoul</th>\n",
       "      <td>0.556118</td>\n",
       "      <td>0.426331</td>\n",
       "      <td>0.017551</td>\n",
       "    </tr>\n",
       "    <tr>\n",
       "      <th>2014_Sejong</th>\n",
       "      <td>0.568970</td>\n",
       "      <td>0.415707</td>\n",
       "      <td>0.015323</td>\n",
       "    </tr>\n",
       "    <tr>\n",
       "      <th>2014_Ulsan</th>\n",
       "      <td>0.000000</td>\n",
       "      <td>0.598403</td>\n",
       "      <td>0.401597</td>\n",
       "    </tr>\n",
       "    <tr>\n",
       "      <th>2014_Incheon</th>\n",
       "      <td>0.476942</td>\n",
       "      <td>0.494235</td>\n",
       "      <td>0.028823</td>\n",
       "    </tr>\n",
       "    <tr>\n",
       "      <th>2014_Jeonnam</th>\n",
       "      <td>0.731359</td>\n",
       "      <td>0.096135</td>\n",
       "      <td>0.172506</td>\n",
       "    </tr>\n",
       "    <tr>\n",
       "      <th>2014_Jeonbuk</th>\n",
       "      <td>0.662649</td>\n",
       "      <td>0.200602</td>\n",
       "      <td>0.136748</td>\n",
       "    </tr>\n",
       "    <tr>\n",
       "      <th>2014_Jeju</th>\n",
       "      <td>0.339193</td>\n",
       "      <td>0.589088</td>\n",
       "      <td>0.071720</td>\n",
       "    </tr>\n",
       "    <tr>\n",
       "      <th>2014_Chungnam</th>\n",
       "      <td>0.508613</td>\n",
       "      <td>0.428195</td>\n",
       "      <td>0.063192</td>\n",
       "    </tr>\n",
       "    <tr>\n",
       "      <th>2014_Chungbuk</th>\n",
       "      <td>0.487302</td>\n",
       "      <td>0.467111</td>\n",
       "      <td>0.045587</td>\n",
       "    </tr>\n",
       "    <tr>\n",
       "      <th>2018_Gangwon</th>\n",
       "      <td>0.632875</td>\n",
       "      <td>0.344798</td>\n",
       "      <td>0.022327</td>\n",
       "    </tr>\n",
       "    <tr>\n",
       "      <th>2018_Gyeonggi</th>\n",
       "      <td>0.553927</td>\n",
       "      <td>0.348800</td>\n",
       "      <td>0.097273</td>\n",
       "    </tr>\n",
       "    <tr>\n",
       "      <th>2018_Gyeongnam</th>\n",
       "      <td>0.517476</td>\n",
       "      <td>0.420915</td>\n",
       "      <td>0.061609</td>\n",
       "    </tr>\n",
       "    <tr>\n",
       "      <th>2018_Gyeongbuk</th>\n",
       "      <td>0.331081</td>\n",
       "      <td>0.502755</td>\n",
       "      <td>0.166164</td>\n",
       "    </tr>\n",
       "    <tr>\n",
       "      <th>2018_Gwangju</th>\n",
       "      <td>0.826782</td>\n",
       "      <td>0.049675</td>\n",
       "      <td>0.123543</td>\n",
       "    </tr>\n",
       "    <tr>\n",
       "      <th>2018_Daegu</th>\n",
       "      <td>0.390788</td>\n",
       "      <td>0.528172</td>\n",
       "      <td>0.081040</td>\n",
       "    </tr>\n",
       "    <tr>\n",
       "      <th>2018_Daejeon</th>\n",
       "      <td>0.556384</td>\n",
       "      <td>0.317272</td>\n",
       "      <td>0.126344</td>\n",
       "    </tr>\n",
       "    <tr>\n",
       "      <th>2018_Busan</th>\n",
       "      <td>0.544352</td>\n",
       "      <td>0.366274</td>\n",
       "      <td>0.089373</td>\n",
       "    </tr>\n",
       "    <tr>\n",
       "      <th>2018_Seoul</th>\n",
       "      <td>0.521906</td>\n",
       "      <td>0.230816</td>\n",
       "      <td>0.247278</td>\n",
       "    </tr>\n",
       "    <tr>\n",
       "      <th>2018_Sejong</th>\n",
       "      <td>0.704171</td>\n",
       "      <td>0.178383</td>\n",
       "      <td>0.117447</td>\n",
       "    </tr>\n",
       "    <tr>\n",
       "      <th>2018_Ulsan</th>\n",
       "      <td>0.519637</td>\n",
       "      <td>0.393771</td>\n",
       "      <td>0.086593</td>\n",
       "    </tr>\n",
       "    <tr>\n",
       "      <th>2018_Incheon</th>\n",
       "      <td>0.567931</td>\n",
       "      <td>0.349079</td>\n",
       "      <td>0.082990</td>\n",
       "    </tr>\n",
       "    <tr>\n",
       "      <th>2018_Jeonnam</th>\n",
       "      <td>0.739765</td>\n",
       "      <td>0.036889</td>\n",
       "      <td>0.223346</td>\n",
       "    </tr>\n",
       "    <tr>\n",
       "      <th>2018_Jeonbuk</th>\n",
       "      <td>0.684435</td>\n",
       "      <td>0.026467</td>\n",
       "      <td>0.289099</td>\n",
       "    </tr>\n",
       "    <tr>\n",
       "      <th>2018_Jeju</th>\n",
       "      <td>0.392944</td>\n",
       "      <td>0.032031</td>\n",
       "      <td>0.575025</td>\n",
       "    </tr>\n",
       "    <tr>\n",
       "      <th>2018_Chungnam</th>\n",
       "      <td>0.608900</td>\n",
       "      <td>0.341666</td>\n",
       "      <td>0.049434</td>\n",
       "    </tr>\n",
       "    <tr>\n",
       "      <th>2018_Chungbuk</th>\n",
       "      <td>0.599182</td>\n",
       "      <td>0.290638</td>\n",
       "      <td>0.110179</td>\n",
       "    </tr>\n",
       "  </tbody>\n",
       "</table>\n",
       "</div>"
      ],
      "text/plain": [
       "                jinbo_1dang  bosu_1dang  gita_dang\n",
       "2010_Gangwon       0.439666    0.523703   0.036631\n",
       "2010_Gyeonggi      0.500906    0.458654   0.040440\n",
       "2010_Gyeongnam     0.455566    0.000000   0.544434\n",
       "2010_Gyeongbuk     0.724908    0.113714   0.161378\n",
       "2010_Gwangju       0.140573    0.560488   0.298939\n",
       "2010_Daegu         0.714552    0.165296   0.120152\n",
       "2010_Daejeon       0.282589    0.230861   0.486550\n",
       "2010_Busan         0.546410    0.439369   0.014221\n",
       "2010_Seoul         0.471315    0.465348   0.063337\n",
       "2010_Ulsan         0.604673    0.288760   0.106567\n",
       "2010_Incheon       0.439410    0.521722   0.038868\n",
       "2010_Jeonnam       0.127720    0.651255   0.221025\n",
       "2010_Jeonbuk       0.176454    0.665778   0.157768\n",
       "2010_Jeju          0.000000    0.392471   0.607529\n",
       "2010_Chungnam      0.171559    0.407255   0.421186\n",
       "2010_Chungbuk      0.450386    0.502465   0.047149\n",
       "2014_Gangwon       0.488045    0.472511   0.039444\n",
       "2014_Gyeonggi      0.480870    0.490100   0.029030\n",
       "2014_Gyeongnam     0.351876    0.574434   0.073691\n",
       "2014_Gyeongbuk     0.144193    0.750605   0.105202\n",
       "2014_Gwangju       0.564921    0.033252   0.401827\n",
       "2014_Daegu         0.397944    0.552113   0.049943\n",
       "2014_Daejeon       0.494525    0.461778   0.043697\n",
       "2014_Busan         0.000000    0.489775   0.510225\n",
       "2014_Seoul         0.556118    0.426331   0.017551\n",
       "2014_Sejong        0.568970    0.415707   0.015323\n",
       "2014_Ulsan         0.000000    0.598403   0.401597\n",
       "2014_Incheon       0.476942    0.494235   0.028823\n",
       "2014_Jeonnam       0.731359    0.096135   0.172506\n",
       "2014_Jeonbuk       0.662649    0.200602   0.136748\n",
       "2014_Jeju          0.339193    0.589088   0.071720\n",
       "2014_Chungnam      0.508613    0.428195   0.063192\n",
       "2014_Chungbuk      0.487302    0.467111   0.045587\n",
       "2018_Gangwon       0.632875    0.344798   0.022327\n",
       "2018_Gyeonggi      0.553927    0.348800   0.097273\n",
       "2018_Gyeongnam     0.517476    0.420915   0.061609\n",
       "2018_Gyeongbuk     0.331081    0.502755   0.166164\n",
       "2018_Gwangju       0.826782    0.049675   0.123543\n",
       "2018_Daegu         0.390788    0.528172   0.081040\n",
       "2018_Daejeon       0.556384    0.317272   0.126344\n",
       "2018_Busan         0.544352    0.366274   0.089373\n",
       "2018_Seoul         0.521906    0.230816   0.247278\n",
       "2018_Sejong        0.704171    0.178383   0.117447\n",
       "2018_Ulsan         0.519637    0.393771   0.086593\n",
       "2018_Incheon       0.567931    0.349079   0.082990\n",
       "2018_Jeonnam       0.739765    0.036889   0.223346\n",
       "2018_Jeonbuk       0.684435    0.026467   0.289099\n",
       "2018_Jeju          0.392944    0.032031   0.575025\n",
       "2018_Chungnam      0.608900    0.341666   0.049434\n",
       "2018_Chungbuk      0.599182    0.290638   0.110179"
      ]
     },
     "execution_count": 3,
     "metadata": {},
     "output_type": "execute_result"
    }
   ],
   "source": [
    "rnd_list = ['2010', '2014', '2018']\n",
    "party_list = ['jinbo_1dang', 'bosu_1dang', 'gita_dang']\n",
    "province_list = ['Gangwon', 'Gyeonggi', 'Gyeongnam', 'Gyeongbuk', 'Gwangju', 'Daegu',\n",
    "           'Daejeon', 'Busan', 'Seoul', 'Sejong', 'Ulsan', 'Incheon', 'Jeonnam', \n",
    "            'Jeonbuk', 'Jeju', 'Chungnam', 'Chungbuk']\n",
    "\n",
    "province_old_list = province_list.copy()\n",
    "province_old_list.remove('Sejong')\n",
    "\n",
    "final_row_list = []\n",
    "for i in rnd_list:\n",
    "    if(i == '2010'):\n",
    "        p_list = province_old_list\n",
    "    else:\n",
    "        p_list = province_list\n",
    "\n",
    "    for j in p_list:\n",
    "        final_row_list.append(i + '_' + j)\n",
    "  \n",
    "# print(len(final_row_list))\n",
    "\n",
    "arr_r5 = aligned_result_r5_df.values.copy()\n",
    "arr_r5_list = []\n",
    "for i in range(16):\n",
    "        dang_list = [arr_r5[i][j] for j in range(4) if j%4 != 0]\n",
    "        arr_r5_list.append(dang_list)\n",
    "arr_r5_list_df = pd.DataFrame(arr_r5_list)\n",
    "# print(arr_r5_list_df, '\\n')\n",
    "\n",
    "arr_r6 = aligned_result_r6_df.values.copy()\n",
    "arr_r6_list = []\n",
    "for i in range(17):\n",
    "        dang_list = [arr_r6[i][j] for j in range(4) if j%4 != 0]\n",
    "        arr_r6_list.append(dang_list)\n",
    "arr_r6_list_df = pd.DataFrame(arr_r6_list)\n",
    "# print(arr_r6_list_df, '\\n')\n",
    "\n",
    "arr_r7 = aligned_result_r7_df.values.copy()\n",
    "arr_r7_list = []\n",
    "for i in range(17):\n",
    "        dang_list = [arr_r7[i][j] for j in range(4) if j%4 != 0]\n",
    "        arr_r7_list.append(dang_list)\n",
    "arr_r7_list_df = pd.DataFrame(arr_r7_list)\n",
    "# print(arr_r7_list_df, '\\n')\n",
    "\n",
    "final_row_value_df = pd.concat([arr_r5_list_df, arr_r6_list_df, arr_r7_list_df])\n",
    "final_row_value_df.index = final_row_list\n",
    "final_row_value_df.columns = party_list\n",
    "final_row_value_df"
   ]
  },
  {
   "cell_type": "code",
   "execution_count": 4,
   "metadata": {
    "scrolled": true
   },
   "outputs": [
    {
     "data": {
      "text/html": [
       "<div>\n",
       "<style scoped>\n",
       "    .dataframe tbody tr th:only-of-type {\n",
       "        vertical-align: middle;\n",
       "    }\n",
       "\n",
       "    .dataframe tbody tr th {\n",
       "        vertical-align: top;\n",
       "    }\n",
       "\n",
       "    .dataframe thead th {\n",
       "        text-align: right;\n",
       "    }\n",
       "</style>\n",
       "<table border=\"1\" class=\"dataframe\">\n",
       "  <thead>\n",
       "    <tr style=\"text-align: right;\">\n",
       "      <th></th>\n",
       "      <th>2010_Gangwon</th>\n",
       "      <th>2010_Gyeonggi</th>\n",
       "      <th>2010_Gyeongnam</th>\n",
       "      <th>2010_Gyeongbuk</th>\n",
       "      <th>2010_Gwangju</th>\n",
       "      <th>2010_Daegu</th>\n",
       "      <th>2010_Daejeon</th>\n",
       "      <th>2010_Busan</th>\n",
       "      <th>2010_Seoul</th>\n",
       "      <th>2010_Ulsan</th>\n",
       "      <th>...</th>\n",
       "      <th>2018_Busan</th>\n",
       "      <th>2018_Seoul</th>\n",
       "      <th>2018_Sejong</th>\n",
       "      <th>2018_Ulsan</th>\n",
       "      <th>2018_Incheon</th>\n",
       "      <th>2018_Jeonnam</th>\n",
       "      <th>2018_Jeonbuk</th>\n",
       "      <th>2018_Jeju</th>\n",
       "      <th>2018_Chungnam</th>\n",
       "      <th>2018_Chungbuk</th>\n",
       "    </tr>\n",
       "  </thead>\n",
       "  <tbody>\n",
       "    <tr>\n",
       "      <th>2010_Gangwon</th>\n",
       "      <td>0.000000</td>\n",
       "      <td>0.008500</td>\n",
       "      <td>11.605477</td>\n",
       "      <td>0.525654</td>\n",
       "      <td>0.388894</td>\n",
       "      <td>0.346895</td>\n",
       "      <td>0.528568</td>\n",
       "      <td>0.031050</td>\n",
       "      <td>0.011250</td>\n",
       "      <td>0.132548</td>\n",
       "      <td>...</td>\n",
       "      <td>0.060669</td>\n",
       "      <td>0.283731</td>\n",
       "      <td>0.314261</td>\n",
       "      <td>0.044348</td>\n",
       "      <td>0.069922</td>\n",
       "      <td>1.094398</td>\n",
       "      <td>1.293015</td>\n",
       "      <td>1.411876</td>\n",
       "      <td>0.069517</td>\n",
       "      <td>0.131942</td>\n",
       "    </tr>\n",
       "    <tr>\n",
       "      <th>2010_Gyeonggi</th>\n",
       "      <td>0.008489</td>\n",
       "      <td>0.000000</td>\n",
       "      <td>10.145786</td>\n",
       "      <td>0.398529</td>\n",
       "      <td>0.463632</td>\n",
       "      <td>0.246106</td>\n",
       "      <td>0.500992</td>\n",
       "      <td>0.018411</td>\n",
       "      <td>0.005712</td>\n",
       "      <td>0.078729</td>\n",
       "      <td>...</td>\n",
       "      <td>0.029424</td>\n",
       "      <td>0.221150</td>\n",
       "      <td>0.219411</td>\n",
       "      <td>0.020777</td>\n",
       "      <td>0.033235</td>\n",
       "      <td>0.891563</td>\n",
       "      <td>1.072358</td>\n",
       "      <td>1.234996</td>\n",
       "      <td>0.029141</td>\n",
       "      <td>0.078977</td>\n",
       "    </tr>\n",
       "    <tr>\n",
       "      <th>2010_Gyeongnam</th>\n",
       "      <td>1.485533</td>\n",
       "      <td>1.372264</td>\n",
       "      <td>0.000000</td>\n",
       "      <td>0.450417</td>\n",
       "      <td>0.862052</td>\n",
       "      <td>0.617576</td>\n",
       "      <td>0.278753</td>\n",
       "      <td>1.901625</td>\n",
       "      <td>1.155747</td>\n",
       "      <td>0.758964</td>\n",
       "      <td>...</td>\n",
       "      <td>0.902634</td>\n",
       "      <td>0.367752</td>\n",
       "      <td>0.636643</td>\n",
       "      <td>0.941011</td>\n",
       "      <td>0.923659</td>\n",
       "      <td>0.264249</td>\n",
       "      <td>0.159176</td>\n",
       "      <td>0.037603</td>\n",
       "      <td>1.173989</td>\n",
       "      <td>0.744972</td>\n",
       "    </tr>\n",
       "    <tr>\n",
       "      <th>2010_Gyeongbuk</th>\n",
       "      <td>0.428107</td>\n",
       "      <td>0.332694</td>\n",
       "      <td>2.511629</td>\n",
       "      <td>0.000000</td>\n",
       "      <td>0.908201</td>\n",
       "      <td>0.015501</td>\n",
       "      <td>0.424280</td>\n",
       "      <td>0.443199</td>\n",
       "      <td>0.302785</td>\n",
       "      <td>0.092464</td>\n",
       "      <td>...</td>\n",
       "      <td>0.170000</td>\n",
       "      <td>0.088801</td>\n",
       "      <td>0.021121</td>\n",
       "      <td>0.200554</td>\n",
       "      <td>0.156688</td>\n",
       "      <td>0.060866</td>\n",
       "      <td>0.113333</td>\n",
       "      <td>0.382934</td>\n",
       "      <td>0.192243</td>\n",
       "      <td>0.092959</td>\n",
       "    </tr>\n",
       "    <tr>\n",
       "      <th>2010_Gwangju</th>\n",
       "      <td>0.505330</td>\n",
       "      <td>0.531761</td>\n",
       "      <td>12.236709</td>\n",
       "      <td>0.847753</td>\n",
       "      <td>0.000000</td>\n",
       "      <td>0.728310</td>\n",
       "      <td>0.253377</td>\n",
       "      <td>0.856028</td>\n",
       "      <td>0.398083</td>\n",
       "      <td>0.474975</td>\n",
       "      <td>...</td>\n",
       "      <td>0.409071</td>\n",
       "      <td>0.369575</td>\n",
       "      <td>0.694469</td>\n",
       "      <td>0.384480</td>\n",
       "      <td>0.452212</td>\n",
       "      <td>1.378733</td>\n",
       "      <td>1.498625</td>\n",
       "      <td>1.264118</td>\n",
       "      <td>0.609327</td>\n",
       "      <td>0.462659</td>\n",
       "    </tr>\n",
       "    <tr>\n",
       "      <th>2010_Daegu</th>\n",
       "      <td>0.299122</td>\n",
       "      <td>0.215980</td>\n",
       "      <td>3.648627</td>\n",
       "      <td>0.016104</td>\n",
       "      <td>0.850454</td>\n",
       "      <td>0.000000</td>\n",
       "      <td>0.439599</td>\n",
       "      <td>0.286517</td>\n",
       "      <td>0.203189</td>\n",
       "      <td>0.041512</td>\n",
       "      <td>...</td>\n",
       "      <td>0.098441</td>\n",
       "      <td>0.082580</td>\n",
       "      <td>0.000599</td>\n",
       "      <td>0.123476</td>\n",
       "      <td>0.084993</td>\n",
       "      <td>0.148646</td>\n",
       "      <td>0.228074</td>\n",
       "      <td>0.510434</td>\n",
       "      <td>0.101018</td>\n",
       "      <td>0.042953</td>\n",
       "    </tr>\n",
       "    <tr>\n",
       "      <th>2010_Daejeon</th>\n",
       "      <td>0.944425</td>\n",
       "      <td>0.890058</td>\n",
       "      <td>4.787708</td>\n",
       "      <td>0.434217</td>\n",
       "      <td>0.229548</td>\n",
       "      <td>0.495458</td>\n",
       "      <td>0.000000</td>\n",
       "      <td>1.383884</td>\n",
       "      <td>0.685633</td>\n",
       "      <td>0.472231</td>\n",
       "      <td>...</td>\n",
       "      <td>0.532643</td>\n",
       "      <td>0.155988</td>\n",
       "      <td>0.493085</td>\n",
       "      <td>0.544441</td>\n",
       "      <td>0.567813</td>\n",
       "      <td>0.530265</td>\n",
       "      <td>0.503336</td>\n",
       "      <td>0.281526</td>\n",
       "      <td>0.805159</td>\n",
       "      <td>0.457094</td>\n",
       "    </tr>\n",
       "    <tr>\n",
       "      <th>2010_Busan</th>\n",
       "      <td>0.028162</td>\n",
       "      <td>0.013775</td>\n",
       "      <td>9.803007</td>\n",
       "      <td>0.404873</td>\n",
       "      <td>0.591544</td>\n",
       "      <td>0.252584</td>\n",
       "      <td>0.592795</td>\n",
       "      <td>0.000000</td>\n",
       "      <td>0.034299</td>\n",
       "      <td>0.100418</td>\n",
       "      <td>...</td>\n",
       "      <td>0.055867</td>\n",
       "      <td>0.267287</td>\n",
       "      <td>0.227428</td>\n",
       "      <td>0.049903</td>\n",
       "      <td>0.054879</td>\n",
       "      <td>0.883793</td>\n",
       "      <td>1.068488</td>\n",
       "      <td>1.278086</td>\n",
       "      <td>0.033617</td>\n",
       "      <td>0.102080</td>\n",
       "    </tr>\n",
       "    <tr>\n",
       "      <th>2010_Seoul</th>\n",
       "      <td>0.012468</td>\n",
       "      <td>0.006459</td>\n",
       "      <td>10.238820</td>\n",
       "      <td>0.393574</td>\n",
       "      <td>0.385347</td>\n",
       "      <td>0.244976</td>\n",
       "      <td>0.438152</td>\n",
       "      <td>0.051660</td>\n",
       "      <td>0.000000</td>\n",
       "      <td>0.071671</td>\n",
       "      <td>...</td>\n",
       "      <td>0.021693</td>\n",
       "      <td>0.191963</td>\n",
       "      <td>0.217859</td>\n",
       "      <td>0.011911</td>\n",
       "      <td>0.028777</td>\n",
       "      <td>0.887303</td>\n",
       "      <td>1.062112</td>\n",
       "      <td>1.191307</td>\n",
       "      <td>0.038750</td>\n",
       "      <td>0.070842</td>\n",
       "    </tr>\n",
       "    <tr>\n",
       "      <th>2010_Ulsan</th>\n",
       "      <td>0.134586</td>\n",
       "      <td>0.083490</td>\n",
       "      <td>6.287669</td>\n",
       "      <td>0.115214</td>\n",
       "      <td>0.580762</td>\n",
       "      <td>0.047340</td>\n",
       "      <td>0.362760</td>\n",
       "      <td>0.154688</td>\n",
       "      <td>0.068315</td>\n",
       "      <td>0.000000</td>\n",
       "      <td>...</td>\n",
       "      <td>0.013633</td>\n",
       "      <td>0.063982</td>\n",
       "      <td>0.036615</td>\n",
       "      <td>0.024196</td>\n",
       "      <td>0.009775</td>\n",
       "      <td>0.393392</td>\n",
       "      <td>0.508779</td>\n",
       "      <td>0.715946</td>\n",
       "      <td>0.029065</td>\n",
       "      <td>0.000091</td>\n",
       "    </tr>\n",
       "    <tr>\n",
       "      <th>2010_Incheon</th>\n",
       "      <td>0.000071</td>\n",
       "      <td>0.008120</td>\n",
       "      <td>11.555184</td>\n",
       "      <td>0.519510</td>\n",
       "      <td>0.384110</td>\n",
       "      <td>0.342148</td>\n",
       "      <td>0.521116</td>\n",
       "      <td>0.032945</td>\n",
       "      <td>0.009879</td>\n",
       "      <td>0.129132</td>\n",
       "      <td>...</td>\n",
       "      <td>0.058091</td>\n",
       "      <td>0.277950</td>\n",
       "      <td>0.309712</td>\n",
       "      <td>0.041972</td>\n",
       "      <td>0.067425</td>\n",
       "      <td>1.085302</td>\n",
       "      <td>1.282663</td>\n",
       "      <td>1.400222</td>\n",
       "      <td>0.068154</td>\n",
       "      <td>0.128462</td>\n",
       "    </tr>\n",
       "    <tr>\n",
       "      <th>2010_Jeonnam</th>\n",
       "      <td>0.381342</td>\n",
       "      <td>0.429195</td>\n",
       "      <td>14.354745</td>\n",
       "      <td>0.984350</td>\n",
       "      <td>0.018761</td>\n",
       "      <td>0.807787</td>\n",
       "      <td>0.399575</td>\n",
       "      <td>0.677054</td>\n",
       "      <td>0.328375</td>\n",
       "      <td>0.492322</td>\n",
       "      <td>...</td>\n",
       "      <td>0.389775</td>\n",
       "      <td>0.470943</td>\n",
       "      <td>0.765068</td>\n",
       "      <td>0.355554</td>\n",
       "      <td>0.432052</td>\n",
       "      <td>1.643094</td>\n",
       "      <td>1.812231</td>\n",
       "      <td>1.606847</td>\n",
       "      <td>0.551645</td>\n",
       "      <td>0.481898</td>\n",
       "    </tr>\n",
       "    <tr>\n",
       "      <th>2010_Jeonbuk</th>\n",
       "      <td>0.229092</td>\n",
       "      <td>0.278774</td>\n",
       "      <td>14.696493</td>\n",
       "      <td>0.923713</td>\n",
       "      <td>0.053895</td>\n",
       "      <td>0.723758</td>\n",
       "      <td>0.444373</td>\n",
       "      <td>0.456911</td>\n",
       "      <td>0.209091</td>\n",
       "      <td>0.400739</td>\n",
       "      <td>...</td>\n",
       "      <td>0.288730</td>\n",
       "      <td>0.443033</td>\n",
       "      <td>0.679205</td>\n",
       "      <td>0.253723</td>\n",
       "      <td>0.324952</td>\n",
       "      <td>1.618374</td>\n",
       "      <td>1.812445</td>\n",
       "      <td>1.674832</td>\n",
       "      <td>0.408689</td>\n",
       "      <td>0.392774</td>\n",
       "    </tr>\n",
       "    <tr>\n",
       "      <th>2010_Jeju</th>\n",
       "      <td>1.593037</td>\n",
       "      <td>1.584985</td>\n",
       "      <td>8.736523</td>\n",
       "      <td>1.291553</td>\n",
       "      <td>0.290981</td>\n",
       "      <td>1.323966</td>\n",
       "      <td>0.343171</td>\n",
       "      <td>2.236758</td>\n",
       "      <td>1.306736</td>\n",
       "      <td>1.177916</td>\n",
       "      <td>...</td>\n",
       "      <td>1.191488</td>\n",
       "      <td>0.754439</td>\n",
       "      <td>1.307899</td>\n",
       "      <td>1.182281</td>\n",
       "      <td>1.255376</td>\n",
       "      <td>1.535955</td>\n",
       "      <td>1.509501</td>\n",
       "      <td>1.016846</td>\n",
       "      <td>1.578551</td>\n",
       "      <td>1.155120</td>\n",
       "    </tr>\n",
       "    <tr>\n",
       "      <th>2010_Chungnam</th>\n",
       "      <td>0.764742</td>\n",
       "      <td>0.754715</td>\n",
       "      <td>8.735890</td>\n",
       "      <td>0.676373</td>\n",
       "      <td>0.048508</td>\n",
       "      <td>0.650754</td>\n",
       "      <td>0.084785</td>\n",
       "      <td>1.197463</td>\n",
       "      <td>0.570299</td>\n",
       "      <td>0.502743</td>\n",
       "      <td>...</td>\n",
       "      <td>0.498042</td>\n",
       "      <td>0.264684</td>\n",
       "      <td>0.631827</td>\n",
       "      <td>0.489847</td>\n",
       "      <td>0.541559</td>\n",
       "      <td>0.994493</td>\n",
       "      <td>1.034369</td>\n",
       "      <td>0.762233</td>\n",
       "      <td>0.756560</td>\n",
       "      <td>0.487629</td>\n",
       "    </tr>\n",
       "    <tr>\n",
       "      <th>2010_Chungbuk</th>\n",
       "      <td>0.001949</td>\n",
       "      <td>0.005195</td>\n",
       "      <td>11.103373</td>\n",
       "      <td>0.474211</td>\n",
       "      <td>0.382429</td>\n",
       "      <td>0.306653</td>\n",
       "      <td>0.490656</td>\n",
       "      <td>0.036891</td>\n",
       "      <td>0.004186</td>\n",
       "      <td>0.107206</td>\n",
       "      <td>...</td>\n",
       "      <td>0.043355</td>\n",
       "      <td>0.246357</td>\n",
       "      <td>0.276034</td>\n",
       "      <td>0.029401</td>\n",
       "      <td>0.051911</td>\n",
       "      <td>1.015411</td>\n",
       "      <td>1.205095</td>\n",
       "      <td>1.326725</td>\n",
       "      <td>0.055752</td>\n",
       "      <td>0.106485</td>\n",
       "    </tr>\n",
       "    <tr>\n",
       "      <th>2014_Gangwon</th>\n",
       "      <td>0.005262</td>\n",
       "      <td>0.000386</td>\n",
       "      <td>10.455812</td>\n",
       "      <td>0.424373</td>\n",
       "      <td>0.446890</td>\n",
       "      <td>0.266288</td>\n",
       "      <td>0.506006</td>\n",
       "      <td>0.019470</td>\n",
       "      <td>0.005561</td>\n",
       "      <td>0.088914</td>\n",
       "      <td>...</td>\n",
       "      <td>0.034786</td>\n",
       "      <td>0.233384</td>\n",
       "      <td>0.238326</td>\n",
       "      <td>0.024508</td>\n",
       "      <td>0.039735</td>\n",
       "      <td>0.933591</td>\n",
       "      <td>1.118245</td>\n",
       "      <td>1.271786</td>\n",
       "      <td>0.036318</td>\n",
       "      <td>0.088987</td>\n",
       "    </tr>\n",
       "    <tr>\n",
       "      <th>2014_Gyeonggi</th>\n",
       "      <td>0.003825</td>\n",
       "      <td>0.003247</td>\n",
       "      <td>10.876357</td>\n",
       "      <td>0.468828</td>\n",
       "      <td>0.457941</td>\n",
       "      <td>0.300989</td>\n",
       "      <td>0.542741</td>\n",
       "      <td>0.012827</td>\n",
       "      <td>0.012403</td>\n",
       "      <td>0.111355</td>\n",
       "      <td>...</td>\n",
       "      <td>0.050459</td>\n",
       "      <td>0.267475</td>\n",
       "      <td>0.271345</td>\n",
       "      <td>0.038245</td>\n",
       "      <td>0.055786</td>\n",
       "      <td>1.001377</td>\n",
       "      <td>1.194001</td>\n",
       "      <td>1.347366</td>\n",
       "      <td>0.047851</td>\n",
       "      <td>0.111596</td>\n",
       "    </tr>\n",
       "    <tr>\n",
       "      <th>2014_Gyeongnam</th>\n",
       "      <td>0.026245</td>\n",
       "      <td>0.049255</td>\n",
       "      <td>12.670131</td>\n",
       "      <td>0.618321</td>\n",
       "      <td>0.233787</td>\n",
       "      <td>0.430255</td>\n",
       "      <td>0.461708</td>\n",
       "      <td>0.120348</td>\n",
       "      <td>0.029297</td>\n",
       "      <td>0.177396</td>\n",
       "      <td>...</td>\n",
       "      <td>0.090748</td>\n",
       "      <td>0.295823</td>\n",
       "      <td>0.393315</td>\n",
       "      <td>0.067847</td>\n",
       "      <td>0.108909</td>\n",
       "      <td>1.233914</td>\n",
       "      <td>1.432987</td>\n",
       "      <td>1.467966</td>\n",
       "      <td>0.134908</td>\n",
       "      <td>0.174425</td>\n",
       "    </tr>\n",
       "    <tr>\n",
       "      <th>2014_Gyeongbuk</th>\n",
       "      <td>0.220416</td>\n",
       "      <td>0.290756</td>\n",
       "      <td>16.729168</td>\n",
       "      <td>1.138666</td>\n",
       "      <td>0.113028</td>\n",
       "      <td>0.891011</td>\n",
       "      <td>0.626878</td>\n",
       "      <td>0.420407</td>\n",
       "      <td>0.241462</td>\n",
       "      <td>0.508978</td>\n",
       "      <td>...</td>\n",
       "      <td>0.364159</td>\n",
       "      <td>0.609768</td>\n",
       "      <td>0.838326</td>\n",
       "      <td>0.319850</td>\n",
       "      <td>0.401932</td>\n",
       "      <td>1.946560</td>\n",
       "      <td>2.179853</td>\n",
       "      <td>2.044298</td>\n",
       "      <td>0.462503</td>\n",
       "      <td>0.501920</td>\n",
       "    </tr>\n",
       "    <tr>\n",
       "      <th>2014_Gwangju</th>\n",
       "      <td>1.012368</td>\n",
       "      <td>0.903358</td>\n",
       "      <td>0.651971</td>\n",
       "      <td>0.184822</td>\n",
       "      <td>0.810707</td>\n",
       "      <td>0.299048</td>\n",
       "      <td>0.250008</td>\n",
       "      <td>1.275605</td>\n",
       "      <td>0.756998</td>\n",
       "      <td>0.423035</td>\n",
       "      <td>...</td>\n",
       "      <td>0.545198</td>\n",
       "      <td>0.175405</td>\n",
       "      <td>0.313934</td>\n",
       "      <td>0.581743</td>\n",
       "      <td>0.552618</td>\n",
       "      <td>0.080212</td>\n",
       "      <td>0.031480</td>\n",
       "      <td>0.062309</td>\n",
       "      <td>0.722163</td>\n",
       "      <td>0.414578</td>\n",
       "    </tr>\n",
       "    <tr>\n",
       "      <th>2014_Daegu</th>\n",
       "      <td>0.004972</td>\n",
       "      <td>0.021364</td>\n",
       "      <td>12.211792</td>\n",
       "      <td>0.575137</td>\n",
       "      <td>0.316415</td>\n",
       "      <td>0.389078</td>\n",
       "      <td>0.503937</td>\n",
       "      <td>0.062674</td>\n",
       "      <td>0.015189</td>\n",
       "      <td>0.153514</td>\n",
       "      <td>...</td>\n",
       "      <td>0.072837</td>\n",
       "      <td>0.293712</td>\n",
       "      <td>0.353972</td>\n",
       "      <td>0.052941</td>\n",
       "      <td>0.086211</td>\n",
       "      <td>1.172385</td>\n",
       "      <td>1.373756</td>\n",
       "      <td>1.454889</td>\n",
